$ANSIBLE_VAULT;1.1;AES256
66393435643132663934636636356232653365366466366563393535386431313366323133313139
3735333462336437646630383938633836366562643933380a356232643732373839333735386636
66333037623765653130373562663530326531313032316463313162623365303030336264316364
6631323333356465620a363837616564353364313464666563343736313437613864663730306632
37396435303662343234636134366533323338353866633439363630346231616634643139393263
66333731653131613131396665313532376336666237643938303334666631353761386532333739
33346136343731626632333565343961373762363539613438633635643932363139613736303064
32313239363664353834313633643536313138393966666131616530636330663937396161333537
30646662316339323765323865303031336361356266396631663832386538343464363364306165
31323261353262373162616439653934303763313764623931633839356635373834653435306135
38303731306366643163366535616532623831343965323333356235333931303662326335646331
64346537333537356664656662316333343934353966356330313433666636383538653062313664
32303162346462633834353136663532303766636534356638343863626263323261623532396165
31663538656236633039636565356263326464323635316136363662336431333732356235373331
34316132623932626335396338376430666366616133616434313631353338386131326164373464
30316165366339613332383930356533643835663431396365366131623135653035643136613865
64306164623938383331343666616532646332623765643335653466306661353837616431663538
37343266376635393734383132363566626230323033383838636430626461313263323462356236
61323533653030623261613463643337653462653461313661633138656339643332356162393332
65633162353334383238326366613034393565663339303835626161366132306363313764323865
34386134373232346135626338613035613132373438336530623936383465373739623461633761
64666466303934636537333730313661613564373834623639613430306463633863653166336662
64383239656161626439323232396638666333313734363830613137343966393631356435643131
66643831356165353338363130306365376439663534663133393265346630616332366235626166
6165
