$ANSIBLE_VAULT;1.1;AES256
33656462313162613939363934613166316461313835633538303039383135313931336265623265
6435386162613834643666353566613162353037366366390a316138323963646330623138336136
31383661333431313466313563313066353661613462323665663165336130313536303563366162
3362623564616266650a306638336131353365323335333336373635363763356339633837313235
64303937373166626636353332373538363161646633373464633233343538663733323734336565
37343335643339303637353465303931346538613561653639306461336466646636326665643065
62616436646161313736343232333766393436373331656162626665616338393734306362623236
32316632653966653931323833373537396132303965653331323965626466666133643930303635
31343561326665363532336134316337363831353734636363306237623461343237613735353634
62666136623464303664393132633337633532653132643536326265646632356162356566653537
34633563393466393031323730666363646338643631316336376166343338666561616332396537
66326633616137666632373364626231386330346162656363346135643761656166393730643736
36653665653466376562336461613462333864323366343764613962303465656665363739383365
65626330323237373161323932333161643530396261623432333431393330316135613430393364
66363231363835303239626661643134626330643234303063346430306265396465326266396134
35626162613039353462323031636664356639363363343364636264383333663366353836353163
37636235323764356463336636363836386466663637363634323664643632613737336264646365
64383063366436366365653438323261633238376235653832353765353237306538653364393633
32376238333263383532333266336633666263656533666638653537303566663462323231313664
61653435303438313831346264373730336434376464356139313434353665316663656138626333
65356131346434303261353336343435353861393933363934353837323334346339363831303432
31623863663736613963306135383934356631373034313831613965663761323965333233353932
34383266626462396264663665343339373234643263386139356562343234343832363663653130
61396630373261636630666663353039386131646363393135363061373365613432383038383165
36613765376633326535363165666432386138326534633161633030623534646139313863353137
38373930313135346461343135653064623132336365303766623362373963653865373562633563
37616661653235303836333637623936623036393130346535613432373066333039333965653234
36326435373534383130613162306634623739396361383665353336393031626436653436333266
36333361366134333363613434303761306663666162313162303933616135633634373564643563
61363661323962613332333637353937636165363938613965306135373639376664643136326236
35653864366165643333616230336161626564343831653262316232383265356136623035656134
37313637653062383231646332303536303261626630623138666130306661373036666330666163
39656630326131326433343161373433306666653264363532663562666163363366356666326466
63343833363632383731653435363731383837623462323033306238313335633137316666663237
61616363623738373937366438383134643361326463303734336565316164363530643762623632
30623937343732356634643431346438633138663031353961623238356337306164356239653235
30343236303734646537313766366234613365333663323163623661613161343466613034393332
62323934386666396637666138303532376436636537383036623461626233303230356430616563
37666663316366633366303366643863386631646332333936323730323335393335373362313161
63346466376434343461333333373165643135303839333361653631623165323535633163333034
39333133356131373337363464626466663838323831393433323731306235383565643339316537
30303065303465666139376339313163616461303861646331303662393739653230356230633266
35373061386531653332353433306561363433633037313433376539633833316261353232303134
30373561643563643563316234636230623539643666316432313237636466323035663836363463
38343663376337313363663463333836373066363237373136383930306432366134653264333436
38383964343561663639323933626437623266356430653661396431383337303762393335643437
36666637383739393264666466326233326630623864313139646339313335346635373739633938
32653036636636653033303537333632313264386362336162663466393838356338316132336238
32376266303533623033646438353637303461316230386539346233333239386231326233633136
35613633383832623466383830646133333330613565633763326464636532393638663138663836
36633765623332373362313430646665303766623739343061376666386662356330376664373830
37626661303064396238626137303336636466636365326361356539643030663636303939636662
36616566336364306364306266383939386661313832313464363038303563656235333838643733
34373433363438383835613163326330616539666132666434363833626132666235396165626666
33643564333261626539666438666330646336323163663539616135656137653061353165636163
39636239373962363038623165373963383562636362656239616662626634353165336365663738
39326564333931383233613738396431323335646463363531396661653030626331393165313839
63653565613932376365353133343361323530373736626630353834373633666430346139306430
35326632366261613262313231623364343037303836643766396637356432323761396636613430
39353834376266383635323664376363363663316235363339373063373766623036393339653738
35376132346239626464393438613831353465663938313530323666306165333734393934333139
30376163663932313466633030323261666436643735336261633735313539303539663562303433
39366434383166313838353563653631303635663738333361643638343334613839343431393232
36323730303863646436353530646330653264343735633234656333663634613765633830653537
31353964653039653633376635633863323536393865383033376662363030616530636563636162
39626161663630363865656635656163373465653539643935386534313830663464376437386533
33653735356531643161336238323738303837326136653461326231363535376434663165343063
39633531616663616533353665663039653234663833613638383331643939336466633439373232
61303064353839643561386234386138363363363637303962623563393462323430373833306631
66363461666338353264633831363837373261346531323634383839663134656530316264386565
37393139353161653537646263346564316333656332396535646566616135393534643537313762
30646561363163383834646365363262373036366431646331373138626432613432303862326462
31366436626666663261323439306539303766643534316361633938663138663565356532663531
39306633353165343035363231393033366536313863396232623435613666663333663838336430
39393933396232366233383634386630313438326130613937373131316563373337633134393166
34653962356136626664333466393936363433346434373736663864306563653865636664643762
38616563353066393363613665643631616532656536633737616231646536666631653365306337
62386631643834393034363062633464626536316133623635313564393539636235666631396138
65323737363633393163626138333761643339333234346637663536623531353332306337663836
39326665373137313961306233333566643531343865336334626630393139626665383331366365
32323864303634656464306563353539616537316233363361626331653163616563633464623137
32663165623439613334656137663361383766393739323139323439656661623738393830663166
63303263666539376534353065616237376532623830363039333062396262313032613663373366
37383434613561343766346265313933313535613064383930373862623466356565363934623261
35633063623637326430326363353861373730386266656438383238383035313131313365643364
32333263643061383933363537396234653238636563663239666637383630323436313064323434
66333031636438303333343766343234633935336230336433393833363833643766666235633031
62636362656633346434623638376531356161636533323334616261336633353232666662663930
38636536393038313435653331616564313835656264626264343264623330313039313330393861
35636432613139383537363436346665613739303563353438383261303330343939656161313838
35663831616362623232363531626339646636323465616235613266643463373332333337383334
38353738663565393862306632623535326336336564303566363037633666363736346137376566
65633033653931373130336266646536386433353464386666366461313266363931666466653134
61333565313832373461656133306131613561323837303939613133343538343065663835303532
64653538333166333031353632356136363235666466386138316262373566663761343335616237
61373135383763343966346262313639633762643865346133636366353736316139643732333634
31316165633032613235383866653739663134303938633531663037643332366338373634313166
62353362663139336334663363653161666662643239373665343035333434663635323631626562
33396332623631666232303034343464613135313138623463363165373966666235646632323263
30623163663737623436656136616638663939643034383363376537646236343930616133323333
38613931306462303137356464343631643932663030303766653161343636666263343463333437
37383736326436623531643539373564306234653561633135623334333532303936376233623636
66313064303830316665663263633831663863303530303036396562383263663235396462623562
66636137396462393463356233623464383962633739373232326661396334393964363561393832
32343934383533326536623437336232626433353064373833343536316365616461653634323539
61316230636233396133386663336165336534653536366362383739316435643438303862313536
65623639376433363930393737376162326533363364646332663332303963323162316163663430
64326531363836323939373733333739313161336664316537333233346133626433626530303634
63396362656531373866303734663935623366663734376261333432366233353162633637393837
32396565613536653766326138613731323965383639616363303066313566366237373839333439
38653637383931393361616538626161393533366437643935316338313730333565336564373434
39626563396231343265333330363031336463393631313662633131383463356536353435353533
39643266356462633935343863623033386631343433393137383962636636633863366230396263
66663861636430616366396237643063343062613065343165306437636235323939613764366664
35643963616562656535336462336430666534393734373764373631313038353365613435346439
32626464663739313839353532346638316135643738646363613931336138646466636137363664
63643264363733373732396431636265663237363563393334623035303933376163336166303664
66663663383936343236393565316332323462363236643534313764333637663535373034323964
34376638373833333335663662393435303537616337626161653235343265383135303337336363
30393830343330663661336634663038323462663436393338386532376636366338663462303064
64373934633638636231363631326134326332363232343662353964373465396365363465313466
34646532646330326334613931383130396562393133316364353264373836326662336630376530
32313466346438646664303731393432653465316561333934376535323165306336616565633336
61386135333639663638323831353165656435656336656264666230643564633132663664643638
33343834306163316661376131353662393433646463383538303630353766316663643532333231
39616239353337386133313732386265393038323863663931343632336130646261383762383433
36383037343433636162646662643966303561633832376236366161373962663738643438386634
63396537333939396663303730383864386463646463353565383336623263633465663638616465
31386232643231636531613235323233653134336336616133386232623166633436323630313238
38363037646364326263393039633635656266666532353439356236363863666639666431653234
62616331376636663937326265343035623432316337386333386236336538356263353332363930
61343631633566323038366236393365636636343831366365643639353861646331306662326539
37343134306465326563326536616133323236306461376137366565386332353931663265626565
35316636663134363936663161313430376661623939326332353935376135303636666163656134
36326562346539616535313735366563306466313164633263323931316162666139386138393632
38363664306162353061633436636338626234326665643466383338396238396335303538373637
30303333356134333564383365383533616365303231653439383739383135303335346235356166
61663038666136653561353432313565653231323639643239326433643631666438323061353334
34306439373635393862353138396565336265363135613262353036653964643435333634313963
31666337316664663037656161373335373136656539346561303963356231323334653863363432
62356664343964613833346464646434396535396630383733626131336534353036643335623464
30363361316532636635316636616264626164356330343839396233396163313031313435383330
33393235333636343161663134653437363632333664326530643632356134396434356362306261
31333034666561636462646165326332636163646666336561386534313438333531653061623766
65393833396535363863363738363066373766393331376264333361333334633039373831306464
64353566316135633731373266363664393261356438386265323166386365623463663062656366
39316465303165316439366264653662383939336537353465353838623336376562653139653536
31333136633935666137383633643662653462366632663266626639393965616139373030646365
38386339613635613030343537343964633161353332316563613666313035616638366138653863
38623735396236336137333931373136386463626338363465306432643530383538383039666464
64613133303064376630373830376533313738383662306466623962653137616535343239633664
65333662323534383837306539663635306336323035626137623932326631616137626636326530
31623665313635353863393763346363333264666362396661653862616663343836623865653634
61616464343163633463346364636131383665656130623262326136376662653439636165303064
35653266326338636633316233623231656330376138336462313737306430613563396538636232
35636366366339333335396330393335643339366466343733333937306532343431363135313066
32343436656164303830343531313830353830336534323739353061326630383038373361653833
37396464326165393664373165343961663436363363656236333031623866663939626635633437
31346263393436626333346466373262353234613839363335333639653363613935613237306461
39646261356636373365633964653935346134613732393863376363333135346233613631646162
61653937616362333263366130303431303533383961636234303433323261313537303437633033
61303638653762393236643430336431346630373836373133623766616637663631383862363864
35363130376132323634363466376437613933616162323631376639613062323266306433376132
35306635343834656365656330653236346239386238656531343065643663363930353831616262
36663439323463666664363337613363633436396362333637353131636233396434643433393334
65396561643733383534386364666366656266653964663930376333386166656637663964383837
62656662643138633637663738383231663938616431306635643834363632366565636538326532
36366232323737653065373738316665303461393130323931313230613437626334393232366665
64646531626539316231653534656334656462666565326662393835383535366333336162353265
33393464633565366436643939623561663066323963613366376631336666336237616561333461
32376431313639386137636365363330363435366164366432313333643731306337353661613835
61353936383034343238373133303039626230653161313439356566636161313533343065363961
62303666386465663766393835613730323730396533376330393266326161623962346234366632
31316566633365316234663535373831666136323139373232653432363364393335623035313930
61653830656666613638366334656530653762623339653662356135653965663132346664343638
35326162366634653465336436363666313437636438366336346139316439383830346138376131
31303761383435643637343264633661653939313737363032363237303163643665306165373532
62623039666462373533333161636261353966373262666230303733346465323230383532383737
30616531386435643437353630306433376265383838313536316438363466643730363938656633
36366264633164306534333839656230393433393437656539376531616433613335633436653736
37633335303265633535646430306531366239666336626430616664363133313166636433383435
65313139633063313134353733613831363633303032363634663366666265356437363930363732
30316439653036393330623533393664616566656634343237373964656438666561323464336665
34376237303037373336386137383734333264393532376362323538663032326264353735663939
61323135326361623565363766383362313135626565663538353935633662333630323463636464
61393637663731323630353137356139343861333434333261343831326337393538623438663966
66653432666439653034343366356538643136623335383335336431623061343366306365663139
36363762346165343033653631356132376233336264303732313163626532656564636638366533
31356462326135396262653431346363313332633637326537383464633164393435336236653236
62396234326636643364306266333166326661643364663366636538393232373762356630323266
63633538646563643635613634666264626234393631663731663338643039303038643737373039
35393365643039343261626335623631393130336630366165646562376639306561653065316165
30393337663139346431333831636437343836346164616534363630356637643033336630363832
33346138346265633135653761323365643164313332383863366431366232653232376634646231
32346465303333623464323765336434616338666333376136613034666335303331613037313665
30616661626563336661356539353236623664623562383361333536343866393936333635633831
62656133383633343463323363623933646361306462633131306637346634303136343833366366
66343936366234323938303666393533356464306432616164623431653466616562333765316462
63663863653361343532306530373562333538646662353039393563386230663832393038346134
64336532333937363665353861336535623832623132653734363833626236613761353533653130
39643535396630313032366262656330396666316161343862373362643635626464623035613234
66613266613434613831626266366365333661346430313639613932376533666232326436333034
37373239613364353431316266623431306566613836636431663366336432356637666430633037
31656430313465313236306462356636313737626531323261356262316331363763353939393862
30313665363731653239373565336334633864623165393963323166313138663661636530633665
62363835313166363165336332323361626632383062323037383730613839333164303832653063
66343738313936373863396431343435653432363163663531353862656365343065613062336638
34663165623733613839343036316635333431633631306135663664303361636261323664653334
63343361643639623863343439613066646634653332323764633437333765613930306336653333
30386562356262323063666562666438356434366232306231333238636434663833636164643135
61393030666130643339383264373538326566313439636266363864623564613964323334636562
64653962653630633733356330353237383539303164323930646633376638663332666236393865
38343337663234653937646363343432323634393039313161303533343762663938363866353364
63643763396262333665633865633365643337613135643932343164346533373836393334346433
65653763343863646263356436396631326237333761363066653034343766646636353238646261
36346565666365386465353338623036343464373532653633653239343366373734316237613361
38353562396130363061626632626236333130393933333030613461393132393939663337633762
64363364383434336332383363616537303931383134353566666132616463323930366535663934
37346261653364323635366535613161316264326264396665633961326261363766653038613531
32326265373264623033313162303330336561383165343734643232336430323564366133343665
32306232383662653135353737653338666665626136336364656532613061666364316437333338
64633961326666383135306136323563353861643638346235316632343063633838613365353130
63313935383465316663653361646532343161386636626438353265303235333233613735386363
38666262326661383533663762313964306165363864366232643535396362313863323231653334
63306639383839313638623636656433323164313238353537666630663531396363616463613132
63633362633964646531646661646533663539666537353234623438656165333266303431303962
63363463373634623066643161396433333761336562313662306364376533316232343830616462
38653166353532346331333063396465333037643164636334623535376237363934383236333232
39353066613037636638353035303761663163313734393465663762373762353035376638626464
31616534643538613037643566333663633838653331373561646564666233346331326234653361
34643665646531643439623333626530323066653938396163326133313330313739373962646632
62396666393864333463343936646230666465383730393936393931383931356330313638376264
30336134613938323432383739393130653361353731633962313761316262663864303163633033
33336264353866393965626236613733373931366332376463383035643866633165333039653636
32393333653535646535383438393433343464373434666632383866626537636334323438386166
63323139656333393739663237643439643762393538613762633461373766323439623933313336
31646137323733383465646262383963636530646161336335376132343938643930303661323431
36356130633633613035663034303762343164303861313234366366333766383332646631313334
61323933373632303233366430643066363132653331636130623036303961663266313734323237
31323637643830626464313133383138656563656139396666323162306531363937393964346330
61613737636566346235623364396332666562383136366536396365613032383265323962353438
64373437393931613165616639653163663336376237626335636363643864333862316133363266
32383639386262333766393736646463376264326364623666376261383262663036373566343734
64366234663363663531383739656365636461633162373663383261396562336238303162646462
30313437373563623139643233353038313736383131663835336233316533393062653331633732
66316364613734666234353561623337393235653532666262383262616663313464623261666530
34343439303534356432306438653961326236323266306631383662643135306433336438633364
35303732656335383465653663356236356332656534663934336139636239376363656135343035
61626238643134626161333634373662393933616331396265303137396264303934303236316339
61663633343631346462383761386530383334616135623236353064363864353133636236643264
32303737643037646361643561323431396431653366653631636139373131386438626162373238
66353064396430363534643736363837336131623937373166303735653332633831363934363261
34346633303263383235313363343062363535323461373039313739366531623562383536663062
66623234303730613538643532393765373434346230396634353366333965623836623864333035
34323534656165386265383561353930616538353835323137313935643037316132353665313065
38316266323531616464343230626531653031363862623538333162653638363762643265373536
35373434366634373632353364333039326531663964306365353634653161653865376633313139
65343136643031626139343836356632623666653563646431323837363965386535666431343934
64326465613933643730343466353838316138323533313064363863366138616364623231333835
64356237663338653439313136613964353065326631336363616636343063633130343232383037
62656163303633366564643732666530326266626266373537663336353732633837373166656338
63373432316164326331633930343434333366613763373732613930626161396334626137356337
36616230376662623664366238646439326565363034393333646630623364356366366261303966
66366264623834656166376430376262656131623264343762353232393965626332373963336566
65393964313538373961633864353436633661356666393166323165323565393431613265323932
38633034306438656662303364656666613930333839383964373462363465336662376236633130
37346230373365623335373233636436333935646337613661366231323836396563383063303862
65336262633733313930373966333036353461366337353136663833323535623033323866613062
32313133663436663961393265313066633036613936636433306137303062373630643437636632
62663364333030323831326336303833313635383237333530343561663262646231326665663565
37613832316133323766613734623338613330623635623866356131663362666539313564666638
32653437396131666566633439616465363165623039376234376566366363396530373762363130
61346564646432666234373434383531386566346564646237666362646231613639373037376136
36333938383565633436303666366564666636306636373562343135626462333135666532363366
63383931306630373935636631306333656134363630373964316238653465343038386533343932
36393666643632313962333337663864346163386164643636306634336361303165386138366336
35383539613366626362663366626663633938333061653433363736326236623732316362393232
63393631333935323830363838393561363263653438373738633062326137653264333939326331
39333161386432336139343562666261343336333336326166653033653238646635646565333339
34373064626564313431613636373561623062646534636638613965326339663066326661393661
34653137663162313162366535666165383332393135616664336635326364636430383730636133
65383064623062663530626361326635313639616433646531633130386363343833626133623531
30643962633364313434323830386634623937313335346136646139666135313438616464626565
36396437643134346563643630616630346332313132346635353639633533393230623632303433
31396262626539653635653361326165636562323366323731343632613438306638653966346330
36316433333930633961306436323930376437666162383966373839393439333463366439613030
65373966313730363933646662663837313164396563653133386432643138633464356231323836
33326564613964383634343063393236333334643664373134633961333163336661346138323563
31653634316437326134393262393131633533663861666237653132623535326563323862643331
38646134353366626331646633333033636266643037666438396537656237393961646564313262
31386561346334373666376166346462636265303762633035653132306465313962313764613732
32663837383065636662383330626165306461643063323937376330646436383664646164303461
39376664363964613362353134336663366263316664366161306634353731363666363163303063
32343061363465323462623433393230633939663133633433623033633962376231376239303638
39386662323233666632323266383665316233656665326137623863383633346134623131323732
61303531363664376530643332396363663036373931613030386132336463303830626432636630
36383964633138386433313065666538363630666364643032616566616530643330643132326566
35306636643466646537366131643237613639643633346138333564303563306331333438346332
66646238326436363930663963393465313763353731336535366434663735303433373464333965
30663233376534346462383335353565376330643433326461666330346530666161316133356434
35623431323232633564616631613266656535396237613830306161636133376465303632386538
35343062613936313132656331336435303433393231636363386662376537323264366133623264
65356566653133663661363337626565316332643236383064313965636466633132353639373331
35633631386131313434613263356533643861333838333737383331393035326135333039336438
36613530626432376139616134636462636132346136383038636135396562663432633432356666
38333439323262366537376233653131356562653032363139623632393162646130613632363462
38323730393536336164636335316362663930643635333262383363616539643832303437613030
65663139633738643964366532323036613338633937623132363830663134323937663534373265
61383666343564633139623838626630613565313965316235373132303664646638303435333236
39636130396666353865626562306534393866396263393461663865346136373961326332393538
64343338663731343133633161613366386166313363326261363461616330353337306437323833
36313238636133316138323431613766323161643039303939333837616561633666383337663566
37363035386365613538306262313733626564333133313263643235363533346530313430386638
36383630653165313536303932336363376330353365363730343731386634356331626635373635
35613833666463613965643035666633336636633062346536643230633436653263616463663231
32323939316333313363626231643333353664393031643232623966343933363366366633353730
39613964306165323834363830633131346538613962383134393733363164343063323836656365
36623032663036343938623266653663343035613462613061326466366533366364316537393938
38643735336665376339373761323533643730656464623062613030366230643034386130663833
62353738336437653933366633333035613035316366613531646236666565643036613966366236
62303263393263303732393363386430316262383031633739376163356235633334346666653832
31363866633161333163656331646238623533353232346439393464306365666666343730643032
66396135333937623165336637376535316138363531393862386335663863633733333130666564
64396463323331366235633439336264626538326334623030643563613462613337386165636438
30656162643531373537653936643766626664636435653431316264396266333262633437363636
36613539383162323431393934303162343533653064623830363834323365336163393631313632
36613936346663613834623662363738653830613433313562626232353436303865383832633263
62653631366532373531353733356535333630636339626138366238343538653361303163663562
30373164363762373665393334333931306465386163393765326532356565323461
