$ANSIBLE_VAULT;1.1;AES256
63386264356333366666333431633335373162373834383330333165646436613531626364613036
6264663833633664656536386134663862656432333065380a366430306437613965656163386532
30333765396364393239303538303563373238623030313434636631656437323364623636373664
6530626635343661350a366238363731336564323434653133663766393839323363663635356162
34353863336562366334326566356165666630343638323736666534623732636461396433626334
65333164333032393265376530313739303261636431663433643863643965326465613436383930
39313633373638663461373963333462336236666262633832663131376564663735346362336163
34656436333932386638636630393934663734373761623666313335356435666563373833613531
64366433396339643637613663313033363161663339653661663733333433326465613030373739
31346436656436353832626166343633363235653739636163383661623639376231646634316536
36623266646535373664633738353261333465316230653431613334383564306434333834663663
64616263326638303535633731323866613738303535326563623366386330636439326232623663
66396337383565623163313561366434316138653739653063343665353235636665353330353530
36636334376539383538306564653239303336633634346234643238353263336361653766663061
35663363323465396262396131343333656434313035376362313832633039326235663739613062
33346633613764313361383366636438326633653331363131303639656365323730653766303533
63643732393238336136313065376333346136646632666266393337623435353839663462323233
38306335343633613663386262316435393231363362353330323561376566303532346463393435
63656238626339356437326536613932376561323861373966633736633033383264643130326439
66663931383163353464653865376338303435656633303337373133626536343163326534343764
37616236656266646166626335303462393035633336646466303931613439613861363962613166
32336461373336643966346538393136313333323063303231343130613634333864346564316636
66313331636166333663366163613761386131616535613934626533376436613237336138363433
63663663653435346239313632633837396361343230303835363363636430623932616532336339
66633264386436623265323139666539666165656365306435336537363338616362383066636664
37616536643534613338373932326664643637633032623135313832616530613762613166333432
30646565656565636166346465663334633566363939366137313639316464383231636534653530
64383537656664643731663061396531333565616239366164346235353237393532613934303539
33353438353663643330653633633633643561643732393436356631636437363762306536656665
65336437613439396330363865306131353562376238336536303936623438323533323364616330
65336261393137323163303834613238316437373630366634303933363266626532626130353031
65396238383730343131643230306536656234386264373939366539336662343832396665333932
37313962626265303130336131663766656363643265323238376536363461633732323032616435
35363131383666616239363233616634623139656232376232626564636537323237613437363865
61373136646566383437383739396133343061663237323533376465626166366437363234653033
34393264336265316236643632363433663536383937393266633635363862336434663633336131
38633861653163356231626462643165636132333231393236636266333837623564333065616564
36303031646563336638313834386131333735303132333765353063313839336437326434303633
35323461656430396136623236393839346665343731303362333632313730396661643030663633
30393661633235613032613064383465376139663562376166333134623064646335323037633164
30316135643135613261623235376339623438653461613262666664303337383266656435323062
31623165346532353666316538343963666331643863643634656265623830613939326361303162
35626562656162396265363534633332326531616538653063613531343232663165386231373833
62323864323835643336396230653234613930366561346531643262346464393630653137656235
34626265633936636364326534623435633461396565653234323262366132613132646264663765
63646262653865356631323064666466373430353434666631306234656639396438393461356439
31396231656537623330336538306361663161326435336230663132373462623330616537653961
32323361383065393666626365383466643639316366626330353136646634643634646436373162
66313332383330343062373566353863386632393630373266613334316531393837343764396263
63313833326537363365663339336566636365363832656635393063363938653630373436323065
32313737626563333964613237326461386634626163636538303131393839353130306636653164
39343334623735306639306261333066646461613536623735613338366361656366643434376135
64393063313834333266653436626234643162643435376533663665316131643734306139653138
61366163643563386330636435336538643030373832383162313236356366323830336330313430
32316166373639313537313837643535633735656635346361633166643937626162663533633266
62313665363464666232653632326434346563613465386364626663633631393234626436646338
61306662363738373666326230336462663931373065313662313134313664646534386462646136
66656632313430386131396236303063336538306130613331393565346562313864353937393231
61343931616565333239623936336562646431623737343030323462613331636133316130346333
64333332643730636465653838353365653562376663613439306364326566663339313638663233
63623835333561336564623239623335313664326437393432396165333930643265636264346230
33393662323966356635656361303934613137343930333166373031633030656138323334396139
32646534306262303933363766336338623863363762373761353639643034636130363334306439
62373930326133336132396135393037376666363261313061636162386161373831636236383632
35323166383437323633333465363662336533613935663630323838646630363130633766643566
31663437636132646631366231623133346139343537656633363036323139383030306665656363
63353766343736323463373530373563653166653165306362366430323230303539363635353539
65303761333965343266373936393332633164333565643935396439613764336530396538613833
65656131343863666433346231386463643265663135656234633634306431363761323137343134
62313237646338373365616235393136626336333762306164393635306431663034316162316463
39373633633239326164323064306239303933343061333138363638363365363932366133666634
37356166373561323639306162633038313138303966303638393538626162346334393561653331
31343766383730396230393033663737386230623336386165383639666562306239363861333663
38656435313632356164306133306365346431363666636232353964323633653762666336656130
65306566323164636634363933373666633831306138306662646566663861326133383838313066
38646163313835666336666466316632383631616363333338336234316631343435323363666166
32356339353631393166353538366636396666393135346632336132646535366263623166316364
34633834653530316332663461323064383063343665616461396665326439323437353664336338
31646265396335653666363163663962613265643235373364326438653761383265613233666137
36666366653132643738666337626662643566326362353430333336643964643631373336386436
36323761613663306430646330373564633734333765363037633937323237363738336631353131
30666462323963363637333139636661393939333366623563363861383837646636366438376564
32353836653835636430313232383532316232626133396337636330626335613130623161356465
66616631333864396431373564316231393466363130353863616136613732613536306462363266
33323537316337383330383530613064343764366339316138343039333032633032393761656330
30646536393133333835313832633139313163343638356561383162613534633732393730393733
32653031393634616365356635663965303762633136333934363362326433346237306336333566
33353563366165633932373638373431373366366534306134633262616162316166326333656336
34373261643565336236643533663134663232613265373963333461643135666638343136336265
33373766373838633861623332316666626230653432343634393833386637316430353939633761
32623439623834373833373435353962383337343836353239313166323533616638373738613662
64396531346634623531366635613434623731393762353964343239313534383131396337313131
34636239313364653035613333376636643838313336316235316362376437326666366532633531
64623265636362336663383761363465323337376262343335346565323430643135306439653161
62653064396363396232323134363531396338336236303236396532333037386465653835346335
64353763396232613563626138323661653931373161316432343638656237336637626461643435
34653631353639363535343637616530653862373065633337346161613561336263656466363138
30643861363638383637393737303930623363656337653936666663646364666337616263346636
66336264646262663164353531393363633164393965343563633938623463303934323066393233
62393765383934353531366636663964363465306230633438646565346434363262396231353562
32633331316464326430393534616131373766386562373266366436393936366363353137356462
37616532663662376633326432333035383339306164643738656164313866383138333039306139
64366331353130643439363632623032633061363064363833613863333862346131663964643232
36666632663138663965376339393561616364333936303637643136306131656663643636646430
30663664343738383761346661323234303838663339633139643337303634656634653634373361
63613565316564633338626334343961303162316238353332613663306437303538323836663837
63643932353439343239383263656530613030623138616231633239383036353837333461373438
61373530656238666365363361623662323466303633613463653032323261326531613263636564
32346332383835373336366136386366373838306530336231356263323837623731373835626365
63356561626336363666346231323430353930373030636235663036323035353964333261663839
38383761343139656239333636666235663031393039386666643732303434383437386630363666
33303832326662653136303131383036326262396134316631633962363738326236303362383862
33343532303333623437333062643361376630383561313363326365366266333637313030633933
33363631373063643334616664373264343232336237623863646630663739613765333163366261
30613666343231616538323838663763323931303938666561363231636138336635333831373033
64656264653861346239373633626666623636666435646234326534343061346130373836636433
35323264643431623730336165653465396237313764313837666162356433336631366261353730
64353338626637376262376163663037383137626332343966396431363332653834613466396563
65313939306235666662333035666633376566643534323731363635636464653166363663343061
36663033326164303563396336336632343336623662353936653063326563616436393464303162
39386133343636356233323866373736393238656563663266386461616564383464346463363936
63373334623165646433393139343963643538333432363261646162363734623630376137663037
61626530333631373334316534383562613535666661323738313538663365383165393133383933
31666339616164373734383531323132323932613862653564373637626637313438306133616239
35626565613065303634393665393464626566663366353336323134643539356231323861306635
66653633663866306330376335316365393433643665303866636337306665353635376234396261
65616566663139336636653365393966393338643038343335653464336135663239626238343639
38373432343364333863636463376236383362336632623662306637313032303737636331623237
63623961323131343135343135646439663761316535626139383065633562626134383431313632
31373035336534656538643461333533323961313666333362633766393035613835613561346465
65643439333336646262613039663765656561323834646535633836326436623661613931376634
33626363366139623038613462363836353335386439316436346632396237343638363465353463
37363335306637313865343030393639633038353637303832353465303735353036626365333365
38306431663361663162383662353138653534613738616364633735373532616633663263636534
64366535323962313961373063356363663433613231613331326331363836663030396532376331
38326563626338396332643532373230303361636339303462626263633664336364643738646537
37303763663333653464373366306263306231653237376337373162616630613939323631363531
33346434613463636163366131323365366532333937323265336161666532303435333632393862
63306365333032346566303130663233326662346238633666393762383232346165643466343932
62383331323763303632323165336166636435613430303536623565303862373234643135373830
36656136653737383139323639303566643834656164333362653631376531613131616162623139
39393232643338313238373664393763383238326535363232353065633230333634303331333465
38383361353235386466656230336533363465336539383537623435616134303562643533643738
62613232343663326434613030653161353832336632346335373234643330313239626562343535
34363636616364663137383065616231376633633835303237303065326330386131666161636631
64386233643033636435363464626331663833353365353533306663373331383361663433626138
31663733316264653738643133336435616239303233636233356361393463346561613638633436
35663031653039653137326534393636343438316661333033633061613861313938346665343730
38313635323535353732653936373663343164663264316234666534616462376538613266626264
63326362383366623064306165393061643731643665386561306230633034613439373866636330
64613936313335386435333164383332613333643437653765306432666139636334356663386233
38386363343831316138373832623239303263626465653461333064383966313436383363333761
61376337306437333838316135616231633134373164363338303065346563373636643033333262
35666237613430373232393730313165616262306435343738396538653763326665306265316664
35326531666562636664626535663465316632386232313435316531383236376230623738623664
32323234623132663530363431366431633937323834333266303733313163636537313065336161
33623131396536326562336463363034343239653262393638643038303935313165346631656234
37336262656166663035616437623133636430616438393665623037653331376566363562656636
66393932323537346564303366343464623435616239316439396231373433636135376133616135
64353637656631366566323633336131313464633036336230626530613862386230393764346434
62343461323436393066663832356634326566383166313362383162303135613564376439333735
62336363356163376134613261353033396663343438363033646662373739366130666334343138
62343965383265356238636236346332383638383464633262656538643831353536373566613139
34353631666235616562386132393865353536373933313533626162336436646638373235653265
30353437323834326430643033663664626637663064336561663937626365396564626233663938
33383630303831636637306235333633386564623162333764303861666437326165373435386366
35333365663532356166663734313466323137336166626230653231356566323863313762666462
36613638343261353631303761613931313538633863326135373538386634623130326639623035
34633562303661326632643063316535373664336264353863303365336630663831393930393435
30313861393936343138333661336463363338623039373162373139343430396433356464646264
66656539613136653539306630346665613833343631343065616532393337636530363731356566
34393665653034623835633465316636333262383362333063396464383934633630373264303165
31363538333639613634646336643335336334363139316637383338316361643838636232663066
33326461336334616233313730393434613330633038313635383634383938303062653464353237
30653134643364306333666333343130313136343765376130346534616130663134313863343364
31343863643365656533356561313966366232336463643935303666323730653866353932333837
62313835326636643534656633613033306335313535623164663339336634323136393261313639
31346538653536663663616564613537336261313235323264316262326665653865663439333032
61656339613466396534343461303635336262346462646331616366303032643537333662363365
33393238383534386334303234393731366361383162306536333334613365613661333831633738
35373430663234396634306133633234646231323637313561623031613264633337383938623433
31316438353036383536623663663733646133633562346331303131396264633436306133333065
39386263653935313464366238353334616536356435393264633930656531396631636135353137
63306638333366363530613365343961323130343030656465366665326434323339303730393763
65663766623231653662333162653866663738326333393161316366346563613134623666353661
36393061316461303631666639393838646632366539643736653931653963616165613763616231
65653563623830316338333231313735386235333239626131333762373963643834346561313265
38323439316430666635326537353663303166396365363436333138633231363664646662643437
33613665653132616536346264363463306133313363336263303030653565363464313434323231
32663736313262363039643666376166316564363565316638326530323735353765613932313339
33613131306663656664643134643936303564663765393035313762333832316265643064313232
62396632383233303436653835623864643635363130323261363334303734393332303530376434
63346235383863303637663665623034326339643838386130656639653961656238643837646339
61633034623039623530383663373930346264326662346438396630363631653436313265616336
30323933336433396531326663366561366164383766666138376266633035653839373830643633
36663234323032383930363564646462666339326334343736393130333862386335363631393063
37303164303365323936626264313230626330666562316362653731633665653039306137656434
37613830323161396661346261333937353265623538633634386161383736653738623833336365
34366231616130323130646236666338366332633734623933353061383135386339643566646530
35353063626233623931353530373765366331653735363062663635333032666237323039343264
33333366373832613763646665336132343138626264303235616130343639333866303839623039
65313361386665363264393731363761303363626666643666386239646431313264626638616134
32343135366264343831643133366162613937626138636664626239316264666632373330373833
64613761613561663432343731396566663835306563303562643865346632626336363037396430
33363839373530303363353135396164313932633731383166373934623538623230356664653439
35316536373631373762373737646462303237366365373463376363386161663761633535643463
64323062373938323738633434646131333561333531316138643361366430306562653933323732
30643831316466633335313662656131633838346330343933363332643764383431613461353633
64663035653964396630303230353161666638396161633239363537343563333666666438653031
62613337373536343331663339643339636139346330356266303137366537633862363837326461
31383934616164643261366461656663653036373561613332643037396536333636363662353664
61653239343766363763373266393462666264316533386231386630646131613432663962383732
33653031333138386364346435626661626262373634666565666366376662613633373761323436
34653964336538323061656531396663346537656331663530653262353762326433353335663262
62336434323336363764656632643765306665306333383563393831333531616266373463323464
30613764363835333165613237363364656638646361303335613163303539636639386562316464
65383464636433663561333734323731633731636337396364613130383834373337396164383732
66326566303964653237636562633031346634613931396137626235386137633966653561643538
30626430326462356662333135346534323735356134613633623064303831306238363439323930
64323361653130366463636263383835326139303238653637613134303166333662363635623862
34616131363237623930653566616434333830636261316331343131303032376439353264623633
31613031383262383764393535663166396436646638396265303137363466663431323735636139
62656364353835363337666436363331623565663461646264373137663862613330613831386132
36363633383664363034653535353737646132326263613235333235396335326564636262393561
36356437626463656435653334376434646431333638613938363535383564343637303632303832
38353437316361313730306361656166336535303737313131336138393231343061393235643864
62373335373466653932356461636137333235393435643331613830336638373132633632393132
36623162306463663463386130303466323835393439323665386463343732343732363463393438
62346635353963326330663962646263303039313163636163333461653563396263353939613963
61393934636339643639656661333238313465653730396237376333663034313430376132396631
32623834633163363234663733353539303864626361323931323834373466353230373932663931
64633964373965306335623935323666343534363338666431343363613432313461376133636462
62383930306263613234333133663431316265393562666630336463616161373836616637393830
65666636653236303236313638663363393032623939613564326265363334646338623164386463
32616432663234643439623835376231376265613737323134613638663537323161353836653463
66396565323138316137333734333061633433326131313630333239306332333965326463303230
32633633626564613634616132313032316230386432613434343563303565623339346439333435
64376532643863633631666561633966316563353066353965373566613235353131616233613634
63636133313165643564333365633164353438643236333639623435373133383863376536643938
35616230626431646133633739333639656636316262323135343262303930646536313237303433
62343931336464356462326637653230353866303234316262316139656464393135656236373637
39643934356431616239613033353034633633666232643264336435393537616464343264336438
30653863646634313761646161356266623936343566643930643666346631303230343361633734
33636335666133623637656531333039633763333535393961653334306466636365633235313135
37633865336432613862373430383964636464353433343134656236313466363032316434356430
38663934326434623938613538393664306362393831636363613537363537383761343939306533
34333531326564303934383161393830343265623665383536386331646363363533643539333161
31353031323362323563323666623139613065366166353435346236643933636435383761323862
65356165646133303936363761633632376634303630313365663933646430366433393664363037
31356465643462343061326361613564656136326663336564643936653637666262643230326630
63666438326434343965376161316139643533356232316336333131383039643231373237643563
38623765636662653136366335336165326361316131386238326236353835363565396231646333
38323063643361333236316562336138373230656230336434623263353739366661353231323664
37353266376431646639353635313965613330616163346365393630346463383066653731623538
62386230343531313039656433633162646533363066636131343564633430306265333031663165
30346332316133613634343861323638326562643837666433376330636363663737363533616465
38323165373632323935326335663664636566303733346631326438633131643736646135343635
64623935656535363132663238663931343264356463396334323061336361636564326265633363
61373265653436623363303132633638666637633435316162373537653563633235646165393438
63316234636537343937643835643835373134633932333335343232613966363031333765636236
30646130363165643330383936623061376461643664633936393232613538626432623132333433
37393339373364393964376363376262616164336538643236336437353131643137653134613966
38316430356361353130633230353663366562643739613465353432336461333930616336623661
64373130626336306265373937663564343966646436636631393238663334656166656432326438
64626562326636623336386539333036616363323462643932623034383163306639663933646630
34373439336136646333323965353466323833393537386265303064613061336135373665346437
34353863336239393939383836636434346134333661363739656632333538363837666536613639
32323364653535353539363061643638313161303965646563346332646335653664363465336337
37396237363133343635323862643464626564623030373233346133633635343739633936626165
62396264303562616535353163333335393736323037383238363738376466653430316638383832
36366262366163386163636530643238623830393338623133326566353836383166383233313031
61396530326535333230376332383062313535633763353065663630386166366165396432623935
38316135346631383037393964363336386139393265613833343737383965373661666363396630
32356237643836623464626436343835653362333365323533636630303535333666353137623565
32643762656662363432343061643465346264366432366539313466633862393130636165656535
35353739383566396133646131363736306362343735343765653737356130633762383762656662
38363161353234666236363861346535656165643139656233626430613664303134393336653131
37353232623933366132643066646534343137663133356264336132333433383661376362306138
61313565343137306335333635643937356462666264336332646637313639383164653066663935
37613763393534373834643834636437383631326661653030353362643738623462363564613036
38356638653534323338346666396236396661366434313038623332333761323264396163663530
61336136353564313261373837626235626432336539613064623331313265643564333964323533
30316539363566616138626531336261326335356634356663343839393637383566306434323161
39393434363235633430623231313930633265616334396332336238393436316264363461383932
36656639323261646365613133383263663165366636333437333962626663343762363139346231
33316635316237376233636562366135356330623433666337613531373330643633386131386161
64376535623764613738623233666462626136316534633563363335313635333561373165363933
65363730353033633838306464383531373832373664393135643136303339333966343061323037
33393930313536313761616238353264646165323364613961306231386565336261356362666164
38326162393932303462366136343036326536313264356437303133306131363938653363386161
31393136323134313761303033386566373161393463366533613966623565653962663039333361
64626234316132306637323764376431613832633533373362303235343464623131353630343034
66343466636138363133316265383132346133343835386234313734313865306565666637386135
30353763373764323162393936303130666536393164306133643161646638666135306533653164
31636566383963356464643864383166373338353035396366643034646430646238373263346538
64303730306339393164356562333539336431333939333035373139306531376639613464616661
30326166313831333439316133636334333061303031643836363265663439623563393631326164
35333732323963366661613931366137316464383338346330656439333162376336383732613234
37323431663938633831643562653566623238366437616233306466323164303966616466613866
32356263373065653731613737366539306665306236626532643430623164316330373665366534
65633438636130376531333436363362393139346631333331346466326631646232303461643135
65306333346438666330616537346335353131316433633033303532643065316537336662363937
30306430336539303435626436363132316561326235396438623637373664636162386565646434
64376632623061396233353366396436656463356435613237643662653135636262306438346664
61356262613138303230616162643635366234333266373561343837633137316535356462333630
62666564353866303331663632333466373939333634353462303530316636663938643132326233
35616336366238633565333239623830393730343364366439303334313563336266633035336462
37653937343261303862396664373661333962376365643166613132666432356132396663396237
37616565653630613431396435623238383163633730643464396234373963626237643634623066
37363861376339613863633062383033613734386639323331363463353361396532333363336664
65313065383865633566626535653134396431653566663935326636353431626433363965306162
33316465323161396537626634663934346336303337383062656665383331343835613162343433
61373734663261336566353635356530393330663863376566306263366436326131343238336363
36646135393033303263626266616662386166306361646464666330333461626535383536366531
31353762356232303965373164373234633164383437653363363662633338613130316462643164
63623835643162636565636164626138366339656431653336363066373436393365663165633832
65383136613430646462646637393031346531663630616261663534336362333166366265653863
62643637346635623539363863363233656463633738323463373131383634666538616333356666
64366163616165653030353063316638363437316163356465343961663763623537353730653232
66636461353530313132323162623136613363663432313364333438336665633030363361656532
66366166333539343632376235303437616533613133303636373035653464336137316262663665
33656132613330333037376531333936663865393134303664643537316134336539363339663839
61386161633634633437633566323335396232373664613438656266616438323232646334343963
38396633653633396565616263353939386139306462376137616463323962663562353034623939
31343362656466363536633562313633326163373061306462353564633236666265366466656666
32303737383763656631336164306639646434343537613134313961636264613961303031653733
64653532623332643766633731623765636335653766656337383261363533353266313762333834
31336165393838373830393266656564313763646462343133366633323462653937366464613964
35336233313930343336323437316330363132356461666462363438396364643339
