$ANSIBLE_VAULT;1.1;AES256
64326363313336303034303739663835643537656335356537383264376633306264303165313231
6335633065656237316533363766326262663839303566380a653333653132323462363639643735
64646636646263383838373061623463383266306533636138613037623130633465353131633832
6438623035376564390a343331393337366537366534336233646530363330653161343938393164
36653731323037303233633563303332663830306336353862353762373435366364316630646131
31333338373265393337353664353235343439376363373437376264646432616665333434383333
37306532313762666366666536303134386266613063396139663463313064633137633133313933
34363063656364656332383036656138316330316364313636313331663963326334313765376464
38386639666535643137623861613530626133653661306234666130623062343835326664366362
61663835313336333865663035316333623131653263636634323763653533653664386262636437
37313466363064393838306239663732393430393264333731306261336361396165663533313033
37306530653163633563366635653362636563333263346637616237626366303235333432356535
36303833626461336536353639363134636533396263373833336561326337373532343564626137
66373537666138613430356536373632613533316432646666383131633937356336313336373838
62373935643931663066303764373531633536633934373036623638353734326238666132663666
32623938653465613066363962656562363339356261363734363634356230663739616465316430
64363164333636343364336631306566666230393437656363393236363632626535326334336265
32646538663834313766353566653639316564653236356132643739383164623532313030303632
63626636306137643938666462663536363535303839626439363962316630333764383165303137
34303837626330373961656537363235376333643864363161313137663063303031326134383433
31613665323963353762383636333037353932383539336665313336396535633533613638643561
39396263326635393338623535356534306161323431356235366635386338356332626232613263
31353165616434623539373135323332333465646633323562376466636133653632636365303734
66333235303337376162363634633464666365336232646364343634373337366336663531343761
36366131363061643732346234303062343937353032366564643230343664653230613231646439
36353334653232633535313162353936316662333064366132333234373430613762303930663035
62366566303639396339306163383634633436333561363834346566633434383334376330363063
37663562326234386565653733316437323462363334323735336336636437363736356638323031
38316366373563323237656135373166633931303530313531353065613134636236376331316635
62346339323364643830623434363135633135303439353934346534343033663263653835336564
34626361353330616538343139386262646538363262363766383134373362353263336266326263
66626233303638366133363062333939636265663934653333376135323262333637633362393566
34343536316466666464393531626163653837633664613438666239396635323939336232396431
34323261653333646532313963653638653431613938303937333933353165336231323337626561
39643766643866653439386164336637643161326337306365616538383131373134653265323563
39613663613963303261646461646538393762636166653631323065656232633466333663626436
35353432366166643930343233356662616332376531343462333631663565383336353430373464
30636632306638376463633365636235346639363965653831633461623537623632393265346236
33353730363239626236313764666230626630616538383963373961373061306336393031343066
62383365666139313961666534386661653061643134386239613732396563336661303063353132
35386132633964666163636465336562656433646232623430633839373339636434353039626561
37356232386635633866373262393530396238373637623532626666666462343965323330613337
62663561323965353830613562633761653633633965653963653935663566383638333130623034
62396566356663646434313838316439346233326138366362313963326639636363313765373038
33306530393966353732363765386266613364613637616361313639613561393537653566313863
61366463356565666263643862646639356636386339643631336562393438306236313537363032
61623333343331333536373530346433383930333965386633616362363635396661363363373265
35356162616264633331336163663335343263633766646466323738623366656139623137306366
64323135356361343631623634393537373334376431656239306534663938303630633834323134
39343835306436383633363866353164343166313066316363306463396562346532353062376164
32376338623661343133333265353437373861623231623162383734393336643636643363636434
30313963303531636232666132306237376363623135336533306334383430616430363164653630
32386333333138323831336638386162363135653061623038336666353162306534646436396332
31343564333734373365356532313638386630313862643233633435326165376338353834343134
61333361623066613963616136383966303738633433336439616663333738363736373135303664
34356134306166356234653366306539613135666530313835616232623566323663313462383236
34646161333732663737616562626364666461313764633064663562393963653864613965323361
66636136366639653462313263386239353762636433373766633664653834396264383331303932
37656131633762663962613862326537306238383534353066326465373832303839373736356532
39383165646330643533376565376161396132393134313130313038373635386366306239386532
36356663326164633965356361383561626661393266653136643931346434326238373766343866
39633330373366316662323563356536346662613266666662393061353164663437363539356531
30653365306431666666666332333838306433346335633335353130376335616638353564623735
33353361353262333163346639623561623363316332353666626430383936386566633836323134
32333331336138653961313666626337303037336338663232323735386361623563313732323534
35326664323765643765363163663864306565393639653738643061616235633764653433633331
39336366626330666162616437623239346430626161323837333434656462336263373732646363
31313964383837373538323533376638613430343364653763323235643562396435623030306366
64636338306161363264613035666565323439396534663965613934306132666261353865333833
36366462326535303165623332663638396261613963353563646463633835623336326431636665
65333631666263323438393833623138393432656339303832366333636634353162613263336365
33313538316261653433386238356539313030363762393737393633653862653534636237326234
37623736363133303761383530313137383430643937376162383235663034316362353764616435
32323635636337383035376633353630633635636662643430396361363933363164666531636566
62363432386432626462626338386439303361316234323938343663363838646165313161363265
61646632306363393130666265366636303133633063326361306265303934306539643861303331
66643239346265326338393931393337366165393535316531376263356662626661376337376436
32343536306663346236303061383437623237306566363061393531373861646439333335313963
65363737666532666365353635656234366366373938353761393831633039613662663065366661
63366162336665623336633835396134613834343461366565323335363139303639383131336263
32333333323533376563346230393766376662343261383263653235396338363136646332303062
36343461323063636133366232636464316462656166396137636132656638643936353238326663
61373164343362303539346164383463396236666331343465323138633035353261363334396235
30633935653332626461343230623837303466616664343161623132396534386562636261636233
61303765303631393132346538353862633731663263393833353563616432366436393430363464
32376562373132306635633666313131356263326638383139303762643038666438623266633739
37666162663832653961343361653162343630306133396163633031373134373733383038323234
34613564653761666166373839316335376131623031316231353333626665353964616234373638
39623765613534306363626632303232643861383733353565366634396363356666306437356635
63613436323738393434646562306633643738616637366133343661666266353737616536636437
66636434323332343439393561366564623264373063343566376636656463363036336430653433
33333333363232633464396539666266643839393062303565666531366234353439313537396166
32646530356534323865363135363937643035626333346130646133666463363833333631353733
32626165393638653762363563396265653530346365626432383138656635663666666361396135
66646231353763363733393762313838303931393530653265383163653432663764353736663535
61633463323835376439666236633761376237366135326636663466633639303739633963313765
65663037316664646565646234326364363832623637623761333465623831383365643135313534
65373262316364316535626539613265616432313236373431386461303661306566373262636633
63376334623463663636383862343638616235383234313861363538336235326630363136396338
38663262373039613638656164333335316165363435643833373734306665353435653938616230
61363038313436656266393336323131613736303562386437396638396666386230646562643635
35383134363537313139656439373638643535616136393464633739323363613335633336633363
37373339613465366333343164376465373866393438656336303532666535376431393338623830
65353865343661633537323533363065393438666436363464643164303738366462323235383938
34396533346434353866643932663565646539613132303932376166306437633438666666383731
32393338613666353032316662303735666234633563333634623332366432373030663539383063
37663539653062356132306233383162396131323233356138363964363265623662363261353064
30333637363431303666306334666532653735326430346330623731636338306436313764363663
32383263373563336431613162623833363531633039646165323265636461643963303336366631
34323861636464633462323934303965363033393038646632333236356637336165303566376633
64613538643232663537386562623939656365633037383839353739376233616637343065633961
65336330363761643434643164646536623037613964623930643963386166616236376161396533
31346461386531353936396332656432336164643235633532663435373633336563653930303631
64303561356432313361336565303361303566633336623238366636346166613233373936326365
34666161323661396564623464633737323963316132346430616530626138373733643065373830
64326664303265353264616364363333646266343034656239313330323231663161336636633339
63626563633561646435373665633939623034336166303164386166653065653334373234653934
38326438306334383562343337323732313265356637646364343931663265353933323262663963
33333666353436303033626166636134373136326637383938323237663935616636353065653932
36613335323238663663306363383134623463643162623535633737373064376266336531313663
63323761396464656163633466643430326534646263356239343764633962393438333661613836
31343939386666363466363739663766653138326365363964633061333062376361383261363163
39373037666637663031323439396337326464306536636531383032353631613438666230383365
38656638316561663934313965363462353939666638306137356564326136366436643161613439
35653433363430663635653937656166333163303633323733656239653564313065643662663963
30366665656439643635666237386332366533663832373135633333333362626334326164393663
36633936376233636530343535623138333031376264636531363163313135353633623363623032
66656565633734383338326636303564366562383235663064656435316634623238383261393835
33616564366134346532643139346530353162663963623336363233643838343965633538366233
66326639626431343530393838336231653261376332623830313665323630396133363134303932
62303134656666313732646662366438643161386661613464646332323931356639346430643135
63313033656434326434626635653931303263623061363865306334616433616131666139376365
33333338346466646137636331306432643365313433333065393139316630363762326638393931
37633634396434623734616639333034306361616331613864346234666639396365353933393532
30613530316535333337653230303730616363313938636634393735373230623363356462373037
66376337326461396166616435383461646465383262643562323432353235386665386566333431
64303736353534326330356436363932316661383365613638353532386162323364663337653561
39636238323164393864383835353962366639666361623136323132383233623632393139356238
64623539666366643564646336643363326236336263613635316562656336323464353163656539
32303838646431306364373962613562363766386566393734336464613831363262623636643465
36626564333939663363643132363765363135323139653032333533383438313665663463383530
37646163646536386235396532376332343566316432383135663435633735636166623332656562
31393964353230656463373532323561323462633435373064366562346264386532333136646261
65663661393834666235656237653363623461663435306432383136346361633238623761376539
34373462643836636530613635636238353261613465323037306531393138373364626563623139
38396536356564613739653936303431623430626363663131656663336335363132313638303333
32303362613165376662363637633734383933626136363538303031386238656335346638383961
61636439613539363162656162353535353133323133386537626535616536636137626535376131
37303962376539353838623937626264363837663665393166663764626138303137663233633039
35613633333031373231393661393130303461653035346265633037313133656633616630323165
31663964653331343531636130613764653162353963613836616265633433613331383931663635
38653562386365363166623265633661663266336161653836343235376262353361326630313961
64376636346162336163623930646336373966396431316435313864393064316436393539393565
62323935653638653064326231383433373262626439336161396537313863663738613030626566
31303938366363303163323234626531326564643738663539346232396437366430633137636334
65623064303866386265343062613564343434653663633264373562626533373066656132363364
32333236323230353364383736343764613366653331373065363863353764613561316133326233
39343865396664383737363561626334383165383134393666376433356332616636616262346537
39623766636565323361326139613039323633383231333532333035306634623135326134356136
63333930333932633562373236383265353461366238626135343739343631383966346566663135
36623866393730643839653438353665343833393363383562313638373864383564353532393565
61313930316262383066636363346130323438393938306461333635343466643832656433613935
38383239366161356333663332666363316331633464373937636330353131313436346263303134
37326237643633396234323431306631313263646133353666363932343133666339626138383235
39383235333437323337343436666261333936373761353638663065383864313836383231613638
61353365396366653435616164623364613566653734306266613235386231346536306136336336
35333332303362653166313538626334613831356630336632663634633637343366636436373164
30373666363538633161393234353662643366636134336632333037623531636563616537643165
34363334613965323230336564616331373463353562666135336337383233343664643566323731
63333839643636653535623961373738353537373637333336333436653634363632663162623966
33376130306435616338663065333032366366346463393561626333316663616436333862396561
35663535633065336561346134303735613739663537653231373464633564303838653037333539
61646635383963386135656533656161393335353763336161386132376562643139363930303164
63393138363865366330376132323366343035653434376536343135653166336263333431393563
38333461303965326330663466356432376436613465343035316330323965613762383432353635
63653435616362313038643531623464643561306533333836633438316432653637313932333662
64656631613566316534373932323530333032663734346666643536383534393732326237613133
31643766313466303565353664303032353863366664383163396536353164313339363636663463
64623132623034383238313132383038373362306362613864396133323939346230383738313839
64656337643930343263343535623032353834666563333561616433366430343235663532613734
37363235613332613836626562343561626335663065373936343134313532616634383635343233
34666639643565373464663531386235633362613732613962643536386131623133343034616436
65323632663131373634666534653438313031643539306433313333633832386364303761303466
66613530356534353332386633323936663439306134386362616230326661653530363731613231
64376662343038303936663839326439613433663833396137366536363739303439316339623738
34343738633363633738326137613163386363373264353662353035656438323730626330636335
34633765303532366234643135356530626138633564623962363037333639643737333035343532
39376263613961333462313664343964383462376331663466326633616230343634643933663432
36376535313536303266363061646339626332663461306436626634306164336539626530366661
34333935396264303931383630353361363362396632363864323261633838666561366663366631
65663533383263616231613934336431616639623761333037396365323838386363376564663761
62623362656530376638323164616532653566393961393235376134663765613730613465666537
35366537636133373731343864653235393864383831313938663536386339646461656638356562
31636234383235633030653139376231633030663164313839363265333462643339386632333832
65383535653532613731643061636338363235386464373266306438396466373638343132366631
36373166646636613838326637633939343439373238363133336366306661613536636136323738
36613764366133363831316338363837393837393264373662616461326537313032313434653439
31633365653365656235643235646238353337396633326233356364353234636461303066633765
33326339656565323931383035353230323563336636366137616363343138393837373235376265
34666538386435633936333936383630323730386466643838336133613635346230623838326230
62623338373363323164306534636131633434393133353639633539643537353233616630373731
33363839663630346364306562396464633838643434363339356237616233386533636261643936
37323039336233633933646237663531383236306538353561356532623532373432313934363463
32343263346162376266363734663562316430643233373233663530616636633965386638313765
34383432383537393964346561646130353138356136316430396331663237393535386665643065
61376633343365636536636438653338646238386239383732346336333666626638646638616539
32616436316333666130386461643862376234636235613231326564343764393962633736343833
65356237376566666635333966343637346561333636663234633235373037316230343566663166
61663362393762346334383033633731643131343566386162323465383965613039353964613630
62656232356235653764653337636535366166653232373030626662643532336231363033363730
38303563353533376134373633633865333234333361616534396364353934333066333263316161
34303065386135663630623966396465313361323661643930303431376430663232303861326533
39306464383839653566623035633137623432343762366661613032393437303136646331336239
66373561653837636661303935356138373362393837373836643630636161653266643564376161
37303831383134376539633435393035643466663139376562613934343262353564306136383537
38636631303435343635363562613433396135316136616332303038633166653064333131666438
37623063306365656162393763613366323563623732636265656435366364313834353065393165
62383662663132316437636234336232316463343535646461663335656464373163613964653862
64333061363666393466653333396334633232656564623037643334343466326465373433666630
39356265373363383439633636316534316566613038653762363362356361333138306331356534
64356631363737616337616466393237333130356363613738336261386162633933353365386235
62316337396530376137376662623132383335356133313331323731646662383366323862633437
39373036323033323035666336666539333834373231626533303966393865613331393838343163
36356565353735633832646432303833376161343465326632343132613366663436316434313066
36303965346532386534626263376665343862366366343161393137386366306466326661396636
35643832623366303262656233386332646663663830353166353037613232346462373532343763
63333764666165393365356433393862626561353334323263366331356430633164373330363935
62303064386661323139353463653130666665616137613462393335346430323332386665626262
61303032646261393533323364373331623034306366623766633964373537633364343137613363
64356433343033626135376236336638653333353531313163666663386564623735653261626236
31363236386361333636363163623036363463626236373730353331633565656164656532646662
35383361353337383531643461653338313561646661323139326137393535343761666431633266
30656636623161326537626631363038636163623063313634613835343232383765323262373561
63333936333665303733626335643963336362376330346335343138336632313834316166393636
30373265333464633366666431656462383239333436663164376564306131326335373066326237
33323764333237623030653661666562323836616637343435376564323061636564343238636630
62386361313236333334616633633866623830633862316466336166386432383330343834613561
34353163663133333338333538373962633239396262656339336639303733323563333366656162
62613035316662323431373932633665663539353532396634366632643432666230386639626630
31333631373966623831313035316364356334643133363564646536643761396231653963616137
37326164613233303862346535323861316262303261646437383533626133663565626232353438
39383236346663623162396332393462393530363137336565373033623634333061316130383934
66363530613330373038383931636362373233363461623132666331353733383838373838623561
64393139336535386266343231356138663631366661383439393764653164386265653330646562
31343839313935303734643532323362643364373836383931613532626231383632653631613665
36663534353631343466373264636430623636366265313766393539353661623238393966326436
61353939653930656532363865646465373965363235363331316465656361336637373734353938
63363230303431656230396538333138626435316561646262633966346238386431643061616631
62366630326436316533643130376631376666643866333635363938663138313839393533326464
31333532653834363261636166626337663463326232656533343830323030623563356631623733
62656130326239393435303334653734313732363836333432656338353936353838643833333561
30626632626165353039313338383266663963633136396266643463373134663435323030616230
66636537663162333864393739393864646662353836316365373033316630393063623034336464
63353737623239666632616464643463656265313232616461323966353565343534326462623532
38333634343966333632636130663463376665373663373730383336643162343433326135353335
35353031616335303838383164323561316233626461653335623262643464333031326262633163
66663263626361623138396334363837333338303463666165343736666366386531333231666437
61303639633162616563313636396533663738643166653864353363643431393862616236656165
66346665396530616438373863643765343832666461643961333463643330363232326533303061
65326365373535656566316238373132386531366439656264323864343135633631333039303763
39316261353762646164303633393061316634623332346236306562363637396130306562323235
61326630643337393861656239396434613534613939613563336531323564306537373963646236
33346431333762336538383035316565356139386530663734666439326437623239643937333734
39663238383233383764356262353330633065336535353032333936326162303136303831623865
63633439613264323665653939323737336461343934353630636464656261663535663836393430
38666163656431363062336261316566323237653566623865663732623137616462363732376436
61633762613233336236653231313535393833303663393363343038336535336330363030666234
65626234666461666338663939336264366637646366393031633463323338646230643538313665
37623339616332356232343032306637333365663231636163643566313930643839623335303237
34613739353862646537393736373033333037316165613435313035656138663239356336633566
66616232333736336665313135303530646263336163333131306437616366333738383236633864
33393565666633646538306665623039353132646535393137326634653033303737393764343736
62386630633463633130316261396266313539386262666536323961373364386433633962386630
31353066303739643235613232663164373731383237643134383139366563363536633733383735
61666130666136336534343263613965303638386135636433373761623936323639306661383866
62313430333030643866376434326139393739353962353133306636306232353136613532343133
64313864663964356139366266346265316562366264326339656562636462353534373033623462
38323761623866633763636234666164323865383635303063336561663236353139303133343136
30356136363239323039346634646330333334626563646530393930323636353233613166303461
65663436643738313438333233633364336332376538643437373838633034343238363262316366
66396366346263356136663533353831363137663538636661343635333137373631373431643433
32323765373639383331633034353136306338386239613362393765396130353530633834363732
62326534626139636361613562356161353738623231313033343537336436613437363637656634
39626236376338383364623032623039373537346636623931623963353866393165353062663732
39666163336531386430613435386339646237623064623763623561646632383736313131356438
34306536343061396635326266323839363633623531383664396430636631663130336266383862
62326430316261393565393339343563313437383834633663623162393131306531383636313531
36373466323838626531643638336466626335383462646562646430306535643838373337333231
31323666343864356261626639363362633862333735623135303839383235626532656135633232
34393764343464346362303330393630393039376666363764643933393866376235353538643066
65373662663832613935663661633938393363356233363763613833646264396135643061626261
62623230663534363337306137353032636335323366373230613136643930616239363838666133
34313133643339333231666334626161306262383736303733386637356536393163623638373035
62393735666663343731633931366236343262623138333435613666326162363031653836653664
39343039316534356235633739626432636465333031333433633262383231663165306432623866
61386665303031333538323930303061353839646163383937616163623463363364393165373538
61613335343038303561366436313161313837386630616432663061366331636635643331356636
64643764623466396136366432626533313035306265363030396336666635656435633435303439
30306232663333646537616361323036366363363064393439616166346639643064666531353431
62643637303361383136383566613866633765313639373136386232653238623535636139333038
38636534393933316566376132643835663866313264313437646534336263643438626235643532
36363164643236373065323065336562363733386463336631383630393830323365373965623636
66623138643137643366623866383864623964336166643134653633343362643537633765626261
66346435633331363530396232666233393666663963383666386365326439363563633135313334
32616261633530303732333331376436616261646130383764323961623931323634356637386361
35656466623337386334346639383730366361636239356361313331366539313464306137663262
66353539316231343436393139333639653637333561363036646339393066346663386364353930
33663738363763383032376534373632326134393237343338626430353930303530323634633533
33383039316537316536356664653731336332346131656538373134646434623764623365616132
64386439353331353932363262353437343062613862343930666238366431386632356166316438
35613533333363376237633830373765653333363034333137343239666466343162616465353031
32383061386238346465323738343866626636336639336265363233306632363566393132343138
38633039646533656661616235623363376532393162386364666235633436653266303864316662
38383564643765636633313033373263326466623236303865653366663533333132646237373363
63313064343432353261356566306535643531643436363735646662333530396436393337643135
30653763333136333162646139333238303263366465366532346339616133326137383633313131
38386263343665333761313665376139386433643537386361653536636635313365303766613163
65316265653363376133333237333338336338313763333839633530383036396232353838336235
30313137323633323230613837666530366433363838383062356333656634336566303363613664
36363738623333643637393134323565353363656232643637316330333562386539393234356130
37373562336364653666343562386531353938646363623636613265386131363066386332613531
64646634353963613966633862353435613434383238353334646364646437396464303633326265
39663263346564363738303866333063636134653738613261366463343565653239353663386236
64376562343066623832616439353863306338623730643263386631633364343266666533646630
62396535303065383433383534353939613335356662333861656462623464343630633666613266
63363938366464346461636639303964393033623765663333646437383539366632356166653963
30363666376332343131353839393062376263646131666330663637333030643762626237353435
36326661373333346466393233656236343734323333313135323761386532336665623334663139
36313763393832383036306533373939663439383431616131333837613931393263
