$ANSIBLE_VAULT;1.1;AES256
38386338383838646661636336663539333834333734333162366634663432313864346438643430
6432303334393661353866353231626637636233653537300a636635383765616238373233353037
61316331343561616634313364323933633164643837653964663565616334613036633232623936
3230333735306636300a303561616632653061663537306361303434626139633232656332303361
64356237653161353666333764366638656637636264633564363165336537393031626266386365
31353630353438316665333131646139623462303038633666303965636235643839313133393837
32323666613666346436363235656663353362313865623138663366666635386338386633643538
39626438623065626435613761363565653235376234343937303561393331346138303333323264
38626564326537353836373132336162633033616230303963383137313532633062353534323037
31346466663134383633643365663635666535383836613530323865396362346237663131373463
31386662653464636332326164306265383066363032623964363639653863656131313038623465
66646565363434333261383537353536333030303730356664636364343063383261353561356332
64316664613864363766306235646537623265383865663638336465393038353462666466373839
65653437326237306331366262393461313431306266336537643439313633343166303739373032
33336466326465666238653966343030363538356361326533623539623366363063636538303163
62663937613766646335633761643730383530303139323566343332663362616338343730353637
63323131643031346263313766613831623664356264333464646134326564613132383262666531
64343134636462363836353261373032336465623032303163623736323063633335653837653733
30656535363565633261613161646564626363656463353666626530666635616432616530333735
30636261636266646565383636633461323931326233343439303231646662613265626438623435
38306666616136626338656537316239326234303235333864313263616132636532396565393037
39653531613766373864623762643531323361663665323039646239613664393137383931336663
64363730383136383635636564663365383630636463636636326138616130663033643931616332
37306365386263336638623662616164353336333733353564656365636662383031346236336631
63663736653238316437353961656139343661333039313638626139376639376331396131363262
31303334366631353966336264646161613066346162656666613935663664616338336562366263
33316635363437333431316135623365653731383162636637653536363130653632646462663835
39656231326236663231616435646665616633366338663566343931363136366465376331313836
63363065303936623463366535376436656364303663333738386130313631616162306131616263
63303637666533636261653734303463313866656338663966633538393735653538383132663362
62376264626466656431356231393438396635383436643433623036663637376131366463393734
35323032303438623763653031393534303362643663336530393533383730326562376261376136
34643036613733363336653362316336383031313862373436393266346364306638613430653462
66313339363666373430663230323162303564666334393635373839663134376630663065373032
38626161373734333331643839303231363761636430353762366631326362383638343132613531
64396163623066646534323765346632343337643434393463636639623061636438643065613261
63386635383362376565663565373631623636393939323430616261633765626131343965653666
37383334316564343238626433396666656662663131623630633331373261383939373435323333
38663762373464363965343133613039623565656263386261626365353961653263366166613632
34313465366666336637646362653032333932303733653130353762346430343333616630663861
39613562313031616263376232303065376234323662653063396137333764623738376539316231
31633431303633356134633164623363666335633265303532343031356463623736666230663238
66643131333865636566623066373332366438663463653833336361336465393966643362383261
38323763323731663765356638373832313965616630393938323737303538386461393761623436
39386439313065613336356164643063326365363439346333366231623136316334613932396131
38643630326262353566316363666632326262643039376539623534663031356239396232356461
38356566323165633765396633383761653464356637636562663835633432373765633635316430
66396330663864326537393664373666353937313632306663363334313066313336336466363532
65663731346466613066366131623930333536646539656530303532386235653262663261646531
34333138376264656632623939373538316535626532633661343635663938376133326434393564
31643862633436363961386238623337653436393639666662376630373837323363386365373561
38316339313264393031616132346564666233366631383031343338646333336562373032323865
31643433643238383561306535666436656530646462653236653132373335356130663966346436
31666638366532363434623565386332306664343334373138366664313161343037626464363734
34313133663363663937373330346435343866303239623437643134306266306436356430633138
31313532613633393035666331356533333331623762346266356532623966323363393063316430
36333736643939386136626237663035333765383337396437353366663837366437613635633339
36623530316232353231353439323863373963303366323035333861653534643932633031303635
66386363633130663065633166653764353362343663633331643436363661623430623136396534
62636532343933396264333935623835386466633437373033396261333339393564383563643562
32313530333766656261303636363034393266653535396134623236353130663439643439303063
37396363393632323164303363346662396165643664346564623665643938303838316665316136
39323763636535633462353662616564373634613034323039666130656530303736326364363739
35623337656563653661646336313831306561663931343131656532626439626638333363633238
36383165633331336362326163613830386165633638353463356431393739613962623361383065
32363231643433373233666163623164633630636436353135343839353466643562633332613861
38343236666366383331613838333762633934653931616534336235383364373566373563333830
31656162303332383838376166646564313837626237353236306663353563613666356235656134
35636134613366383931623063646565356639643261666634643962643564336339613766313037
64626465343232326231333539356361376133616138656538336464613238383935396331653037
35316634613833623539373330373331346264653230623831346163303366393533643733343762
38373830376436643466376338313337323130366364623431353065633137666233623031366336
61313364383939393966663066613262663236326461363335646330323866346433626237623337
31383038373061386262653664663261646133306134363731363532623339353131633838363763
30613536333765383663633838633930616232393964363861306437363036666433623566336637
63313030366237643736346632636266346338386531393635646439383566333863643632356233
63326638623838346639666161346639636239616437313836633135333666653032306664363231
33646139373566663162306134393165346333356332303966316533656365626438346435633465
64363234333337303433636334373966613831373332663030303565373435303833366262336664
36633961323866626539303331633937353061646466336136376435663064336562336132623937
39323566333238393033656537636131636161613432376531316365613639393838393332393561
37643938633963626632376636323563373733383264313736396430643337663364343439316338
62336137383637383231306238336137376665316465613566363635663736616331613262663962
30323163633765653064613337616632666139643062303363326562616530316236656538373339
31373837663234366537326135343234646632643839313332343336613239393763316133346463
66333766313263393434356462653764343137373730386364383838356663396631376233336238
35313934626533363664303832643062623933376263396439653762313966646135366264653534
35316136646231343532383434343535356637343333363365643130613438326562346633653364
35313031643365373763633562393031333737663063313339643061393763636538663565646434
31653432396338636231633837376465663534616630656330643535333165316161646534346563
63623234376136393365336263666335363833376139343631373264323831336239616437343663
30336332396163616530626166316339636336666661316666623163653437353765626565373134
32616165656331316238626439393363353036333139663131323561666362373136613162636663
64333366616665663764373138383532626536353063646430376161626630303835396161663662
65363565653461346563323230363566383461323632373762353836393364333833346663636236
38336633633766383563333162353935663364623430623331313530346538303430303665656237
65623365303136626137623334333735333236653666356463363235323037306361636531623335
38316262353430336163653363633234376633646332366133653332376262313137363534336162
38623135613664333932306166326465363338313630616334316631353937393139623038353463
35616166303063356234656238333038643938333764663239333030306233623563373038393139
36663135333163313837393062616164316530303163366134383663623561363035333935356538
62353937343535643161376166383436613864396235663834666539633833353763393362396166
61356361636362393338323233356462356365363965643266393264336134346635373731643765
35386337306564393262623434643961353865396431646533303561643465646630636535383734
65393031356139366164376533396566643061656434356264663431323439646137393866346530
35346662636266653332373538613335343964393636376365373731613963333637306336336266
61373436656139353431333066323230653164373966366236353338323535316132656339373239
65353530613862613239656535303861396339393839363038353865373661643638646634373532
35396536323566326539313633326365313065633264306432313363363330313733383231656431
30643131663663346234396634643334376633323339376237643666653331633733616633396632
64666637643632356564343263623966373365383561333133623239373038373634613834613361
38303137623637653130383837326438613438343733666234393630313036333331353163323839
65616161656535353539363262383166643663343636613262346235393939613838643737343038
39383763613436333737633432633839343835616434343062393762353062363965353765343962
35646534333437396138323338376135316461303966313366663231666565666665383030343565
32613633356363613735383639363261613730396335343733303763386263306336383065383361
64323637306464613734626436646538636536636134326233613462643934343233376232666535
30633835346631383464363033376638313639386238666366653233663033613938306363643132
30626662666533666132386262626564373638626530303235333238653166386531326333316637
36303331363166373466373534376161653061653562643439393566666265366330663161643637
65386337373231396464656164616435366132656535343238356539346631613034376631303538
64623039376432643637636537303235393565633862653332353637373831353734366232373764
30303362303766373730373632366635303765626165663730663166383064633064393038646162
66366232343563656666636336396338323530393933353832623862316364663833316233313034
66333964653363333238303963336135326139613963313539336435656566393466363565393538
30656163653633666663656363343735373635653738376333376162326265653539633437663062
31323432306663306339656561383839343736303061663762613737396133336536386633343533
32613363393761373035326635396534303335636135346434346364646161383138386130396164
38643934373366336462613866666634663139333137613663343735396539383838396564653866
30366461396561393065633837346635653565323561363730666634656436663330626638666665
39613263396236386639666362393231313934613639383364316663663434373834376432306363
66643864363834663938626534373039643731366637303762623138393466396633323864646230
65306464616531616534633238623533646431383365333565303463343861653035623232326635
36613732346661326262616164303930363934613861323266336236653262303839363931336135
34666232336661636365323535343335303134366331633438313838393937393162616631356433
33613831656436633466666230633661353933613830663434396565326233303831316133303565
62306361386361643265386132383039316437656363646538636138353266333264326261663661
65303163363761396338636661653038623839333331623761663333346561376665663732633035
62316336613036643931396130373438633737323937373439616166363035636534383961616261
36316133346434306563393036353131666338653038356366323730623765323538333039353964
30373132636436663432316533373930666539393032306665333365626363323535366561326137
33393439346632323063376564373165336232336364363266346361666430313133396130623537
66373433373165383137616634343931326664373133343734366331643139663561336331643138
61306466303065376262663862323136613461376431653735653436383066363364613563303862
66303366363138646131666437303431386361636362396334663665363832653836386331386334
35346639386433383237653038633033303332633866643938326662363138343039666431323536
66323063386530393531646638623462353130316334633739613739376264613038326636346637
65666134306433643330383064626162323365376136663336616465353732356264626362616639
35623361613936383861633839346235616435303130663730336665316238333939666331376664
31636230666165396237313536666635303935373061626465393164653761346266386331626638
39626532353966313738353462373237303932323466376239626430323437326461303066343261
62653330316332323732636461353762353133306636386434666139333238386538343764343831
39613234333735653030313264323665366436643965313734333831663763396265393863363431
37303865356562643539633931643636616634323235306134623639333563313165303135653930
33383836643135623836373037623062306231613261346166356632373333393735656363633832
37316332393166376633346231366337393630626233386665616432393536303266366466613564
32653138633663613831633032313635663466633039356366336362373237303165636133386261
65656465323765653965336230383361663734336164373938356163303939643163353338333132
31343938633430303738316138386165383731316435653265366366343064326266373836336165
65396261616435306462363239376436616537383437336539363734613032656132376633323030
66363561656265303161306139363561613632633264363761646335373932646463396665336563
38316165343333306430653133356664633936303364646233313736623731663630613666303966
64653739646338326334323566316365666639666530623031653763346263373238303933613364
38323133643264633863303735663662303632363963303630356132623830353236306636393736
39336338633039326232386162346532306139646439643666353437313966393561316563336561
39663934313266393432633562343539386233316531336365383139376332613634643165386266
32393965626531383334363133326134393333343433646639393635653834626632373062376635
63333364613137346536346637653230643933623766653935653463376538393638666133396637
63626162613036663237613366393834636262333730323035353563313232616538303530643563
33376666326361643435353635323363373137306461376162386137396562383730656465663465
30633963393530376436666665363338376465666138663430353561383238613562656237613939
36613534316237653832303461323537336232363139363365643466653538666365333061303064
30633031323861396533353737613861633436396263346331306239656261336165333239633363
65336665376339626430313735343031623361656662383262353366383264623234303639646430
39303365663630353839326265626666633234666366336139353662373935666162346239313962
35333166383233383134656565383739383165373233386432303163323265356533303835343765
38323463313064363033373033313064393234343637326266353132653364623665666163373461
31316464393139343331656637613737313062383433633237613930613761343039303535646630
31616461383437356434616238313339623039646465633136396563306364303766613734336131
37373839396338323131306237383330633766656237336462386438333266356234393666643966
61343636663536313433356465316563626539383835303435343738373337343764343438396536
66333332323535376433393730313465356238653632623765373033636566306163636136313533
35386633313662646638363637393762633634626262616330616262626463643161636237626134
36303933666165643030373836343165666634613665333830376338643665363034616537613932
36373365323933643530336435613866616433393466326365613537373038316332653430393335
61376634653530633139336465383961333937623062626633313531363065396631346464666637
33643666313239396661316634386239643638376138646361373531373466626366306263646164
31613830626232376636616136396637396464306262663235386337616462363536376366316563
34306265393238646535333634666636353966666566323033653863363661346165353938306132
30633235313864616236383034633462613139346435303333323532663231366564633932353330
33656535363238336437383230353937393033373939646238313964333430363462386466663731
62373738333062366639626666323061383238343861353831326535613537373933643835643334
37373637616166343962323264366562613764353765393365313033323239393565373437386636
64356331336439653163313035366537643563393933643636666162373139363835356565623236
64636163353964646134303161363837366334336662386364356566383032616531313862393631
37643335633434366166306561313263306532386463316330363561333831323739336536366366
37363836333138313639376133636233643137363530316237336566643661626539383537343465
32356136636465376634353234636336343832343631373539643663626336643439323336653832
36396263363363633734656535376534646563363562356433656232316530363539326162636563
32363535663466636161646263623465646133353964353637613935373132326539316138626632
39353638663632303135363531333965353437663264303831313932613364323132663133363038
66306465613530316635376330613537363633373064313836623335323633353333336166663737
63376239343136333838363037356438336539393362353765363933353238623766626362323062
61316433373565643532363139636239633432383030363836313138616130313365343236366266
35623031353464353361653433366535343363666434313333396535623161323061616361383634
61646663626265303863643033306634313736666563643032366366633932613833313935643233
64323266343136653961653631663933303262643435616166626638353930363065336233313635
65333134316330306336636639333530616431656637373837363265336635646536656561366365
66666537373432613031343532363466396438326237346462386131303963616661343865623639
32383866656266663638313232333938333932323731323730383539303061643262663433356661
35376535353839653033613363326666653036343132316137303837393832356565346665373338
61653934356330373166373631326133646364636566366133653539356161326231626231366639
35643565386362313434613836616539626237396638633631393438316235303763633130376131
66326663633837636230643165336262303265333665343565323633626136396338376539383430
31373430333639326633616330336338396337623337643932623838313330616638386239363063
37363632326561613539363464633532353431646166396566306266343636626339666136626666
35306639313234626266663838666565343431643535656464643364306338333830313065363865
37336266353232633866366630303033336333666462323339313933653063336231373964306338
30653439646166353964666532393437643337393662626631643136316463303463343535316365
37306639363861336339303562636563663735336333626634646263633231393464306361616131
39623166616364393465336131306539373761313631306431613136323338303061343236636238
62356166356130313164353038383261373039393130323037323062333464646136316330656662
33336365333038633739643936313962643433666234656339323432383332326563613435373263
30353635373264376364306536323263633764643862363137666365323433613166643666366430
32343034646366396537636464656334346534653035633330656263343435396434366134333338
61346435653565383536643766646666616166366535313861613763336235363265343438303439
65633331396637346132653138393131393032646666333537383830313137616366666539353333
36386231393430333262393932326265666361653564366163393464656233326238316464346437
31353833303136626361393730373637356535323938626636613461613633666565393032353965
66636630363830363530626466623064346437343439613332383936326138646330303436653637
61343534663031323262646534323064643738623335333431306339613931313331663433393463
31643062653933633361313930313939653036616334343531663839613934613262316537623365
61616262316163313661386362613732366561316538646132323437373162363634393239383633
38373266313966393431616339346266353665383430663430663065333635656338373862313939
34363965313131663135323133656333356161313465326234326364383765663938663863636431
31393961373739663664643632326236363265373431613937313534393763363034663366633566
38383239336365343564633430663065646231613330646664383238333735666539366635646339
65653930306161386630346338376536356164643266333735363833303432663962336231373363
33393433346165623763663834666362366266333239633863326532643336373763623335353037
32393465623866343132633532333164383335353566646364366530633566336534333137653733
61353737323063366338386330653739303734616363383839613631386163313935656531663166
65623662363036346433393137666233376336303831323863326234616562393332633030663138
34336631363136323335333434616134613936356133376133303533643238396565343734653036
66333035306162653833643135353763656538396237306366666234666662313035366437396662
65346535663962653937653539333838613933373437353562303431323934653936366237346436
66386339663935386364306634326366386137666465663135393562626365356665353264646532
37323534306331346338346636373234306531666661353434393930366362333831346639346364
35643434303939333366643138376466363239623461613063366563386539376337353764363865
64363334316562353265316437663938313332316538333761393536376235626263346563303864
30643635646363333234616465653939653938646436363039313138383838663931363535363734
61393764363738366132613235333433643061306161666466336538313738316664653662663038
30323439663161653736303131393733653466333961306430613235623165623965303538356364
36376364636262366135666464626337653765623862653634333463336531646663323534626135
34316439666566623866373365313961623365323737616635373639393435613964656634353230
37313231303330366166366137373539633363313733363632626638366531653136633861623336
34336330613231363138343263323139346330323164363239383435393833373331376436646337
37613765366635373434623464386135396532653266356363656635633336333864306465313137
61303265343632643931376139343462353037346438376661646164626433396635646361363264
36646539306134346430336230343834383261383031383433366337636364306333333637313663
34373134303365393065666336663139636564616539303833383832306636613637336435633533
38613531363835373730653862396533656161356638316131633231363662336232306663333065
34393261313631336461666333313862373737373865613664663861666366663464323435386364
31633565636261313836393561333963656266326261373637396163383063623166633231346433
65646130323662303537323230303964656361613731376564616331623530353266623036656332
39356465396165626434613432616238636535363263306230643661343530306464323233393831
66623233356336306532643432373235366261646263663762613833636264303361333565636236
64383962323139346365323266656135633039396666353966623130316632323763333138383461
32396663333437303836616261353762623138393831393430613232656162613734663237316231
31643163383234353134623639633465356538396234366561333666363732613237346261623064
33616632633634386162643163366236613939633033666565366565336532383161633962373962
39346239333638353364323261316433373639643537653237323631393638343466623136363961
38666262336137363032663836653663323062616162363330663638623931636430323365323532
37663033323964346238376664363966326462643861326536623861663931333166383964383038
62383236353331366436346262336333653438386338666461343236383233353633333038633537
63393736333136373966333736366663616639313738643334356336633631363665653934636438
34623661323361366534303063626634353138316462303639646430393938356139353338346539
37613337376332313430303534363462643733653365653631653239353535343037653031633733
30303732346335333566343863633232393966313866303735663361376565373732636438633534
64623233623634356331636661653530336464626462313865383462656461376230363266323166
63303735366339303566373862353531323632623434323739636166663864326532663461343235
61616134346362316537323433346437626332333666656136623337373239363730353939616163
30326234633161646661323461323333346233373338376266393532383139326162393233306233
38633030333966623539313966303062393538336566323065313463393734636132306636616331
34323166313631363062373539336637313435316131636230663632323437363262643230333436
31313063333839353834353834653031303538386539336631663636626238343238376134303166
36643263363731633239636636353135346661326135323037623733616433306332616136396132
63353230323835363430663631616432376563356538366430636534316439613436326465323035
63313039383838356333313439386236343239343766326336363733316137346237373166643436
33313166663330666436616465656133353266303837343166323861656337346563656236643939
34303935386537633730343035633230383130366365633534613731363864636630353936346462
35663536383736356364626266313561326632653463393563326438386264363766356437633931
65653261343331383765303731326131396536343533376435623238623433313761666661333730
65366637376164306462313465616336623331663632633132636463636631663834333835343837
66613534363034323736336561303139353231623731643038393862626438636564376632643434
65636530313936383365643037613536393634383864623261343138613237303635396562663337
64666635633161613532356538346461333935326639343164663238343632623863383364356166
62646333363364353433303261383534396163633064383261653234393635326465313835383766
34373663646231656138626437336333316566333365363031613566363539643737646535316634
66383535356464373434363633323863636339313439653863643535616165626536363536383630
66323063643162356431623432363831313434333561336565313434383037376339616339363337
63623034633931653464373862303434326333666439346134643961353863356163333438636537
65373462306131373737366565616363316165346330623433613937633733323837623665313265
63303961636463303738343336363836616362366532343763333637663838383466303638316666
61313835653531373965633930653132616531663130643135653137346438363930383032616665
64313330383966626362303731373236386566613561633934656530366464366530373336366435
39656238656632326662346330613237306131373732616465396166653563616130623064343138
37336232643166326264333735316430336639656430306563363132373333653933396535643766
31343338303530383136323662363633616330643631663033393530323930633864346434623931
65383861363236313066343133363535616633313838623133316362356335303662313362363332
30643163396165363534363433333930666530656165353663323961393161316364323164366134
38646338326462386362363762326239636532356531323734636433323632393535356434376239
38646439626665323535316539373464383463303530326566613936376132653939343761383962
65353539323133313338363132366261303431326235363139646234616661663934373733303634
33636637393662666162353231663862656133396261666236356565306666323139646239353562
61333534316632643965303835633332646332373733383833306535346465666436376533393261
34313338386162303139323130613534363036396431363462663266393461626430363337326463
65643036373466363137393961376463623733663734323966326638653636303934353532336561
65633739303966306461313433336632316230646266643538653963666334643231323138343162
33646632633661343239653234656339643035613933623938636432393133626464323664323639
66626161646366356565666363626139303563366536303364303835643234373637303333326666
62633763316430373730663363383630343165663233663366336363376165336536383264326230
65353166653065333037303037313539383438336664326138373735396631343563313831623962
38386232636265323136363237383765623137383965626461626630653038333861636161663561
62363063313865396432653037336131636133383161333437393839633038313133326432653534
39373435633462616639346437323463316164336137653736373465646263383766653534366637
66353062323139396630666639333237306130616430316231353865353663393063326266633334
35636163306662346130633039363438646234393830356662333933623134613666666364326232
32643634626338613834653932613933613832366432373031323964383461396164363737383963
62396332396466333664653433623062373565313035376461656362633266343930
