$ANSIBLE_VAULT;1.1;AES256
33633733353835646263323736346265376638663364343739303163663834663264343963383936
6336353165363461356232373762323766333938663736370a353236386635303762336438643031
36323165656163323065326437616137333964633138626136346262353839633938616666656462
6164373161613661630a303163316139343238643662646433396637323330383762656637323266
31643865336136653865366364626332666638323965636261643535343166636662343537373963
38346332393366383065626638633334663335376161363539623536663531366466336437636562
65653839316338313563663030643038353065393834663464663264653566383133653163313631
62376634306661393132623135633966396134633736656130356664393435313338643463376534
32613862626466316131623764616265666430346633353835313333643031356562366134633261
65366661393962636165313765373734643363313231386464343062623465656637333630666363
37343966303537336361663036343763336139356338343266613036333835613939656337303838
36353439333162306565643331306335343630316138326239646266336332636364643664356563
32663362623064636135373564383465643764336330653636393933663633376463303235313130
31366163643736623739613930396438333663303563333132656461633862313563396138653333
61313862653961396235383532626431333133646435666437623138333232353735386263393964
62346630386531616130616363653330653164653935323565303263356536633665666363343165
35666237636563623963336266393634306364353132613932663865613438353066306435656562
38353032616133343933393435663336316533373066383136376138366539353466343730346161
65336635373035393563626466643465653265373132343736616330306165323939306661366162
33336633623663313363663563663030373237313330393937346533663935376434353965616466
38633233363231336264353833613265343136336435303734633139366262326332346434653461
61383366333539353133376662616139636662366630363838376230623034643435343438313261
35633437653734353338333466343661623861663030366665623430333230383035623730336436
30386530633638643137316539663465653232356537653532303438396330626439323363383964
36633534656132343630663664626136303137653061653837363439613738663061353834633235
35333034646535316663663662383534623935303434623130366232333439363663636235343862
64316463343032613836646563626164633339316434636433643933303037313639633665303930
31323661626162313436316662346130363565393637653531393562636461396138323265613963
32613264343632643937343832396434316562333966336330363337656364323738353831333666
38633231666439346664326563346133303665623761363031363837343762393564303566616163
34633963366139303830653832356565613362633134633164333735316630323635366631653365
65663239623233623365383166336435363566383534373138393566656637663663633334396230
31376464643564636366373433333338623031613532646135613838633164633563663835663335
65666166366130633037313562363132373233653361303634633964316633626238336438303235
62613439663766373931386165643065633732613438626630333934386535653866636361636461
66393839396538376262623937353932656565656465343632336264396539383337326335633734
32343237346638623733353662623733363863373134393635356662383136376137353164646465
63613031653431626565353064393862616165333134343634373265336335386164383939353537
30313831336661666536323137353533633730343866613832626532336430653432663232653630
65656638356338306635636164383331306137383539393861653133306439306564643431393638
32363766363737613132333039376338373037643637336531633935376265363136353035623063
66613038343432333630383736626461353636613164346633656536663938366561653332323561
34633134306266313237333031393838663435633435313833396465613836373130623762636661
31373061376165303131376239623636363365633364323032393230396164633636363137363066
64363937326166323132373936623738386464373333313331373330623438646333373836646539
39396433666537663661326430323761323036363965356333363738363132643565386166303137
62656664633564626533303234633836313130623362303432636239653630376630323232326364
33643933653465373630363866383534623763373036343731636564626138623362636330303862
31343032376631323234333061336264383064376363386432326465663963373261633736633639
66656266313064346638336531343862663136316131343136633631663762646435646464383265
61656664336338373938373761313734313339656363396361383336333637353633323233666538
36613663623264326631643565373564656463393565613931616437306634336438376466356665
34346366376561323362646233326130623464626535373939323931663336373665396439633338
65376633323732383137383339353064333134343730613963613738366135363830333737393665
64316230353033643938303531336238666237633237626564373439363039326361313839343964
66336135343534313633306531626638363962373833623462336137306165643435363965653830
63656363353662623931363633346234373462336566373939363962653738323333366232373835
39306231373766336138383765386265353061306532386264343632366439303765393230643239
61373137396533306533636466663832373861626433633830323862303362316633636235343665
65363039666439353937396235643830393937643330366666363039636535663061633866303266
33313136393765623630306634396637663363643032613530636433663138633239326165396337
34366163646133623863663230363830363464316532653830373833663433633439373263656536
38613866393236633961386532313430396134376432303564643334343935663736323933656531
63643831383930396331323062396166313338626165383361303661323738643564363361333238
32363436663830336238663965366539626432613737623135326662333361373562346235356331
33303237346532313566633863323133623935656266333138323634376332666230393734633563
36666331356539343239656565653532656632316330393030616662373239663266383536386337
37633534663062623862396237623762353634333734326664306636633533316231353537313533
62363565303963396261353761653036363964383931666535363037353738333765383035386432
63363931343666623161303162656233333136366261393935643463323561646130663732326364
34633733353666656266313735626337396437343238313135613463393130313265333163663033
34316564356134663035666634383464653037653132383833303533646166306537653861323437
34636138336161666135666566353533363538306239643965343436346662323863336336616562
33313337393637336263663736326231623536383231646365353232393830623631333034346533
36343162633632383266356337326266666639333136303931323063353064383965323964386238
37353730643366653664393666376462636232396436363839316333373164313937343663376138
30623766393731653365373836393765313637373664303665343266353933623239313462346337
38306665373565623263363535383336303838376563333962316463643061613937643533343337
35376562613864663639363238666564373834316165303338666131353866353433353331363035
62353633353664326665343838346462636331633963313039653566346335363164366330313765
39353962363335393539643834363430626432646239393866343534336539363463363932343734
35353863353031343661353465653030326539646436616537633131363263366134386633653633
38356164333661323838386463336561383632666638346430646539326538383134396662333733
64306536623862616466303737396266633035383030393062393835326361393039366165646363
39393062306432383135626164643131653532336234353366393864666332396631376566616538
32303439376239336163363438343361336534303265323336623037393330393830326332613435
37613866393139353734616638373764303061363236336539346232383035376664616139643663
39336237306362363362616536613031666233393635386661363933643265636362313631346463
65653865616166323532336162613034333930646666663034346337356438376430303330386535
65376164623365366537623032656233343033303362363539633438646535333661663461666162
30366436613537666531616232623930623663303834636364656132333834333137656534636338
36326166313532373233323838666265663036376636653761343134383038623434613636653132
31616161386536653662653838343633633565663631353363393363663137633763653438653364
36336664353335346137346339386161363164326562656334336334663430643738613364376632
36626636313835333766346533666661363562313639313133313236666463393630663734663538
34313432653639636566393436393833343362396139303137386636663930376634336361303065
63366165656665393163653162343337313666363535636633353230666262663433616635376133
65303030386639366435346333663131653465306432386530343132336439623235313066353533
32616664313966323537626466306264623464393036316633656665663764313366303337666564
62363537353739326239396465303039663565303261326163373237333738366436323939656232
37396664356361653833663637653739656566653739306636393330323731616262626231373839
32383437336564316164643139303431663366383034323465646135373734376636303337653032
61396630326432636261633261343436326562366635373734326636313230386135363031353735
65393030336437363633633462643735353733653763303862616130666634356138323564356337
65396437386566373130643636663465613535613538343136643964326436333765383831363531
66613861303139616539366634386636396535623338386332623732363233343638326363353239
38336138303664383261383833633034376461643834326166663534326331623136636262666666
63656231383239363364376231626231336535343132363664663337383662343134363839376436
36376565626631623236396263633239633330313834366663323738323435316264616438396162
38353132313736383065383963363566396437356430616332383939386363353463653038303836
62333235653630353666646531663161383338363435383961346264376562636465663565343738
66326165336633633162383663313863343939386330386236653766363535353230306236313061
38376261663466613230316164376363306630386562616633663533353262636336363936646634
32626338336635663533383338636134623435623937646230303065663864613265623162313432
37623162626632306439646163333866383137383935626136303265663733303031663065353832
31653135356366636663356531386234653638323866353634663337646535313965366162306630
36656634376163616133386361353464373361313665626166666135383664376166646230396566
62353366616333343162613133663333306130333130353636636666393364313435666161333230
65366530316639386463306565346161313938336338336564383230353162323538633530316263
65343739646239313161313566323964353162363538396538363264333937356238323734363664
38656263386234346637323166613639663732343733373436376161656333363366313264636435
35653765646363303235363062353365633335633561356431316163636465353439366136366237
38656466643339626162383031303330623565323436323139663938666463643133346663663930
63643538323637316334383862333632616634393137323861626333636636313637313231666331
36366132356137323539303331373032323034646463383231383663636662613266613463316361
63376331613735646165356137373033313438356530366539303762613533633733396366656230
66313961386232363734663061656135663636393037303638326635653735373163386237643661
62376132623737343562633661613564313666643133363732613037343164316431336536313632
30623962663063383535323039323461336631666166363662373039356363623430656233616566
30326163353636623935633364313433626335633538636539326564646532393462623664313032
62666437343862393331333037373262666432656135336131353065323737323839666232363537
35663536396637663734353639396538356566663335613963396235313531333534393764376563
61393461616435643237636363613339373834316138383666303861343165346162326566383739
64383762313264643061396162343466636237386230323439616237383162376635643966626464
31623338653030323865613531333737343130323939343338363566356563653135363261663866
65353265323633326565363830316464633262666637646665613630633463633562336330353532
35316339393961353137626338333837373532633361383234653363626331313530643137353333
35326437363837383233386331396361353637333662633439356363663438373732653562373334
35626231656365643432356265393030313861613337386366383335663630343634386565326664
61666434636361376133366637343261393932356133653237393533303833393265303037313535
38623435393266393836613739666139353330343633373038386462663766333130626136613130
30306231323062633565666435393263363337616232306363386165313031363132373166623338
64613234656364613032346633316263623565313337373764356333613338613166303166343932
33396162356264383437306364653136656434343964363531343966353839663238383365393138
34646562623538316236613039646365393134373933353633323832653337653936393433383265
36383761333534313637363234626162303361623931656630626461613834356233326566326565
38623338333835646166356330393965383233663663643236306566623031663330386130353037
31323734333661633066333535383431656530643066373665376137316530666633393436343966
37353434363564323432376663616164336235643331316565313762303964353835636638356437
33626638316133323037643737376332656365623764343337633133653565353565313366616536
30383431653239616463633863323239373334326161326661393866336232323566306131396133
31306536306562663461373865366466636233623636316637333139663161323262323536306636
32303661653861653161663035383663656232383062396565346534633933303261373063383832
35373334383338633638353366303439303031373431303864313837306236646435383865303432
64386539326463333563636334633564303039353666616338626432653765316261313661636163
61313064316535646338663734396536626663653634383061363732376264343862303963643431
38396135353430366565613261623134633737306666366665373765333433666238343164386333
61316265313665656666373733336336363838623562323762373033643638636235306239366463
39373562636266393038346538613762373465386333356237396239613337306536616539313661
38343933653036643633626239633337323861396165666239383230613866653333373335623733
66396538643831323938636231613634313736376539663965343633316532626630656566316432
32386361343561623335376563666231663766343731663265663932343163396164653332316266
62663765346662306433623131363461316437633035303631633030383435376437376264323630
63393133643539363739613266623432363732326465363734356132316337646434323532303466
30333262323165643166373438663231306563313332653538613932316632326162353931386331
37613432363930353330633533363231383531356633663032343863323233656638393435623863
37373931376339353061353863646463333365333232326561633361636563393962336135333033
34303535353830386530386234393239643033663764346263363932653363343134366533313065
31613339363764663464376664363439313931316335613333393434326664616334346464303731
65653031363232626163613366303561396366656339353731373735343534333434346165333236
64623735656265323537333938363333333561346530383763396165323336623939313635363030
35343966666335363735336237353162373935356134616432653838363735393734313136376234
62343433333739313830323034363061383263653763336233666130316536653166616163646562
66626236623062663763666536396361373261353836346634373032613963636539306630633865
65306334613962613635343766313061633264626666333666653738616438393038336430353962
66666134323761346339373033316330343835363737386537366336613030363537393031386334
37333032656163326638363065303438383564623133623564653132613134646637646435316664
35396632306134366136363735343235313834313837343463306638613839633935663536393464
39356136306431323330343564306438663231663463343332623164326633343763316332636433
62656462336534623662623966356430303037653566323038363662343635656233313161313238
64353464653235383935643336393066333666613135633338366539343466386661653362386565
37333032663537303663646132313532613766366564343962303663346666396138666637313764
61323036626134316165653139356366333261386333383863343333333162393432636237306332
62323566333564623061383938376162653433363365623463373331353531316531376631376333
33653435633131663463663230346333333364623266313732646338346131313962643936316435
36396239366135363562316362633134303534313864326461643864306561303662393361353933
39326435303866326331643538623938633465643636366134663530376132613439636232666663
37353835623530346435663865303731316134643734646261643530393363333464363734396438
37316361303836616233373061353161323036333565376331646536376230383866386464326235
34326135316364356335383363646464653862663366303831663334636162646664326664303638
33383234323639313132336436336561393839393639613738633661616662656632333530636463
38363839396436393362376639306232303962373635643632613061663938356565356633346664
65633934373931646462316132646266663863356132303439343062633561646334353630373930
39666430383235313464306365643466303565326136656161336263313038393035373732383430
35306235663438366333323132646136623431333038316663636162663166323162623062346438
37376561333537316562323463363866393731303535326331383662323430616236393965656466
36666438663834313363653066656139376631343838323236343364656662313063363265663665
34393831363238353035616333383862623166626565616566346366623135643138303961633636
61356334623562323464616335623237636331616561333830336430383431396364363063646237
64393065663465306434353637353364396261356331613963373631396563343030633161623836
30316339363264363933333232336430663430336330363038636137616531613535333366373237
39313363306636356530353138343061393965613834396532626136653063646565636562366664
63313863303666666435306361343464626363303964393433643066616139343566376666393337
62383737326134636663643562373836386666633232656135316536393135346436616639616233
63346133663334653164363730393330363562316563363064313263643934646237303236373634
39636465303866613466313038626535313037666130363065306439353334356136626238336331
33313137386261386237616431623831663635663534383437316664633437646633313261376439
38626630336631373231353662376232613063323266306130356132333766636164333530393263
62636262366435613934616438363932356636356262643631613736386631666536616138353637
64393263353837303661303032663233383330626434323033303434343666383565653164613335
39396135636564656135316233663332623837333838313065636334386565356163363235653735
37623264396465656138373364656639646230316664616362346164393733363733323535386165
39346666303439653131386636343866666232313533343334633335623662393161663363616632
36643265633663343461633633316232663262623437393431306635626636643138653134633565
34366338663733313638316465323933326133306566396131653434656434363131313332363832
62356638393732373630666161663034326635656663663463636136626331663030363430353664
35643638633036653436653135623638393035386633323634323332396133313863333266383232
63646334666430343965336563616363633335323831626635396133633363393733613532346431
30643934303334376162643235396531336438323633663636316132336364613966303038396361
30633835313236623030663666313736653533303862616538313061643763656537366535376431
62656438373335613730346633623931653664343037336436646563656239333865363236633230
66366135316136323566663134343533393865333664346334323666313131636265633662353432
30373264633562396264616539363637373537303031353266613734306662656235313630313039
39393232306435383364303133636138356433373339346632616235393661636664663534666434
35363838356333626235393530623764643538613435373134653738376366623361333739383666
65636238613937363334313263353135316634643262306261613437363635353239653433373131
65313130323163313734393666663961636164323064616337353834313838636433626634393738
31643665336533336234336530313531633236396134613663333766306537613966386538366133
30656665663335343934613037346463333131333839353737356538383466613539663336613136
39326366643966346633313063313432323966313233316131613663316261366363626136373032
38326333666137643163353634643234346339646365376536643238666432383531633437316438
66613033653865656234643639303161346263323031363331326164326565626361653236376436
35323765313332366537393637316262343434356635396635326265323336396236666132643036
37323530656565643265346437373765663563643534396532316436393133333930323764623735
64313030313234393333623564343539383762643037633637373762626563323532323461333261
35646233623364613838343631363739613236623930356664373633356466613031366436653962
63616437653965376434613033646237386138626336353131363932366262323338636133666236
63356362643631633534346531383831346333326133366464613332646535653562646437326462
32343535663235373538366236663534333131383765373665393063353437663261306261623063
66353066356366306561343639343537393562343832653432336331653133613762326637666166
66633433386261613239356166643831396263343638313662393937633263356234326233383963
61383834373631623638643466366431383537626362303761313837346662653437613433316336
36643135353833366437373561393363353834373736653836323232376233366561626439333437
38313665383665376139353962303661643038373234363336333065333665383361663965353932
35343034313733646336386439636634303965313766353735333061643636363661333964313839
38313165623231613132383565356131326534393135386332303832353133333863646439336333
38623930366135383233663165653035376366666538363935386332323361336130326131383531
37613935386530323535383435393432333334633262373066353636383263303137653763373865
62336635343963623830356134613732336139356639326163633231383764363135663837326564
34333631383463333535633265356639363937363036373135626263313031373438353735333663
33386366623233373431373363393163336430393566323935393630663266333039363538666164
30366364616131653534306261373864643565613433333731353631336338336661663232323932
65396233323835633062303433353733333862326361656463313464393430646165316263633063
31623331336538373432356535643662376164356565323137393932373433633061363138323562
31386663383863623238663331643061666463616564653438303731656136643733376535313139
39613633336231396461666636353164633131363065313530373865643464616134363931353461
38646563356661363430353366316564623562333662343563383130313463626634613733383130
34623637393938666564346566323538386633376234356561303062653866636633636233633631
31616262393063613133343136633164333930303061313239323835336332303966366236353161
62383535363365393134376263303139343439343166343231633532643432623932396365666434
31303361653331373136353231306662663865373636396265323534356336313035353563373430
30326562616362356262303232343763383034326162393163333038383238363532666665613539
65653934653465396164353030616264386631366637623531303730376630363530383239373966
35326330346562633964343561396531313439656662353937313736346638396461323464303362
34623762316465396338633064643666636566333531313832323730353239363663363533633663
64313264353535396534343066386134343062306534623031643863656563626562663432643662
32323638393566633435646335626333386636653634316536356635303235393566383963393164
38653661333262616134393331616632383266353862636662343938363032396633653136346236
31613761396333393032623137613966393033303139343136646466346130323261373962633537
30386566666238366634636564343833306239366265323366623435356364373662316431363932
33386333623861396132623032666663306530353565663335633534633566393138303236336363
34626532656662633263326538653264616161633237303532643530313134316336323531313366
61616232633732336466326238376337323230636239313537623130633634353731636431383531
66373961626131656164303030633632613935616430366633656631326636376132343664376161
31633066653766353836316539633862313934616239343636373738346638396363356431376462
64366638646631616366323566653931373462616535313331303334653233626561323766376636
62336235346163306363343233656363623631336266366635633638623632363531613466316263
36396563373235646332356130343761323733656265333663636336633066656638393735393065
62653836396238336430653630376430663964306634363532366237356234666665386461663038
64366433663461323164343264393064663131303761343730656536396661353533363631376132
34366538306139636261316231323932323464663961386162363336363435613031376463313431
32663338663437636539626434643062613262656435653631393865643863656666346534383861
32313565623936336364393036343535333433363039383230326161656538316532666532633961
38363966373862393739356530666333656462386364653461383034386333363737656233633466
38396566373332306239333134383037613562316533343266356465353762666166393661643232
33336364613863333030643330366133656231383238363639356563393766316466303866636462
35386664633535396465656666363861346337316563643739613065366165633032633837653763
36626462383434626138633964346561663231353966393434623762363633663535363330366162
32653464626161366564343239343736316538616332306633643333633137393039343231396461
39376530623339616661333766383735363861306637613130326361623234656637393362663739
34373735313430366164613664376535646630616234613262363431353538623864343833326130
61333830623030646462386664393562306533333233633638303838623761316365653561613364
36663832396433326633306433383131303432616531663130303363376532623930376538323231
66656333343531356239393463306365633734353963383032323032613736636231316631356436
30626265333365646631303762363163396565326662396565616639656138626334343763656234
62363764663133313165393138656438353835646261626330343133383836393836653361646563
34316332366636353832386561326537613437333963316164326263326165313964343132376231
61663933373565326238366263333032343536363161663562656530643236306338623062646536
65626166636662666530316662303264376435636639613138663437336164366462666362646430
37386661313661616131303263653534363535366130303733343032383630616537333539373538
61306133613463376365643263373639616630333238333333383138356138313061346462653037
33303139373736663762663532333863336431653765333732373564356563633232386330323637
30396466396163616133626163623636326531616361383866613930306336386137643433393364
62343933386230623932333964663531643730623433326231653938643636633130333133646434
61323832636566663964353663643465636362323461633030623366346162633237353737396138
66666131663534356562633933643265313464363663646464653635643730643066643032366261
31323661633939373434656238666437363734356137656462326232613737316232303164373534
65333164613262396136653833373133346337303866313862666135306534333264376232666635
35373964313666663064323136656635383131346563613034303239316430323234323335363239
39663034326161663731646138346365646439323665353664343861393234663932383762633633
66383963303434366135613135383366353563303934366365333938616565633336396537303965
65656563643239656430353632306336363363316463656164663030343561613731313764323730
37323036323238333534663834663661373164376334643861653738393166616362343261616664
35663030623930323735366231316166336133373836326134353139326439666138393237646464
65316333646262326339366164626231343036643336623137373338643439656365643930353132
38343036323466333361393832643338306534383239393838313730633839613265303731643137
64643538653035623666346561323234663339653833333836366133623230386530653664303830
34393161353538633239393631343939333165343463623331666431643634363830363465373964
36663132623832323065326565666133346434613762376130313964643334616365333439366664
32353636356435316434306233666436653532386131333364323861353036626563356564363136
34343961366532326534396539313863656361623565356633393735623432633432333763626435
33313033313938366666653361656639323936653937626563373238313030653536363363383665
62303730653238353265383132333731663736616662356163376164396137663666363663386639
38373965396463663361333437643633633630303339386366646531303137393434343833343538
37363734366363616435383764333637636264343730626333363439353561373439646466616563
37333234326538646439383966323433623432343461356232326532306434613430623533366137
36363662323363323465663861383737366361316132383536343530366536633765303939623131
33623235353863613162646431396433656438336432383932326331306161643064323636663662
63396138363265356430646565376233663731653833303561616462656164383330
