$ANSIBLE_VAULT;1.1;AES256
61353735333366366438613566633361333632343634386232613961633262333962316666343532
3633386666333633623832323038346237356437666263300a663163666432366230346234633464
39613566633063396331323434303538343833663664303562653563303838323961643935363865
6662336261363066350a643632643732346332386564336265343837326534383231363836663135
38353863353931373161326561353861646138383965343734303064316461393961306133666265
32373065306130333637626166623431303463623832346361663137303661333662383833656338
33656466346130653137633164303962303362643234656237646639366561636630666335633630
34623039613361663834663538623763663163623838633064613533306165383163613863663034
32643839613162656435363661666333303862376437623138393237396436386433653333613065
33346362643239353031613637663039623538393732633564343733323034323835643564663537
34396330363134353938656436616662346436303830393539383034343138353934626437393162
31626531663536623630316430363439633331633864623962656563306130636161383163646633
64343336326232633834646561643065643035396431396563626563356337643834396431636366
61343865623262303465316539633366663334343463346434326262333033336636363534343863
61613937623033313539613835623136623665336633393166663164336639623037306432396439
36656339653037373230346233386366313232326435376233363330393866376639366432663765
62626666613561373834653062393239663736313437366665353232623033386433383932653630
39386662366561346630306165333334373863373937336636633137393161656165383835323638
62316261376430666230303965366437316233373765633332343661643635656466313831363734
39666166323864666336373238666530656433616633363239663064346163363639396665366138
66646163393430396136636632306539666364393963316138316466333365313130616664323165
32366565656665396132303534343638656638633039373530623936346438363863656136633865
63306265633437303135333265353962656637633030666633633730386136303766386235323934
61316561653965363665666331306262326366303361386566633833633537393631656430303430
66316163653238373735343631623933303732633639663132333532623031303336396161626433
61376663633263356135623535363931353931346138653335663664626561353338386536346337
37313539663362613237336335636137386665626633636263626330393133366231303262343539
33626263383163386262666235396231656137653139333837643862383132633732353437343066
66643165373731346631623132373336646337373564373361323634326637646334643363376633
62633837623261613536656361653362626362626661336162353136613339386639383533663262
31386464313762666363393033346635666537393130313762613163343538356561333239643366
37366539623237396532633965336539316465653237346465323930333435303463336530663530
61643062613733326235353934633666643434376532316438376335316166393233323963346163
35306263313465323764343035323166626561383139643762633532306564366461353864616332
65616338373338363963626565323031666535323866323061306261313764333135326231393438
39326630363933306534663536336636313363306337393236313864653135383533623865336439
36643161336665323561353532373437613035666539626366643464316530343431346565306430
38633733356632383031376338333662646238663462636235346131333333366131636461343063
35313064306635323830626461326532373236383333643737363564396636303961316330663338
65306339656133323535373231623732616162643239613165363164316364396430303135343136
61326662386232323362356530323330636236353735666338623635343738363030373234323762
61303130326334353532623666326363393039306634353866386264613031316465663839313633
34343263346131313837313262653661373662303432623561616233636462393263396365356236
65393666313035316634666532666238666530616662373438666432363636323338616339656138
65303061383661613734663934663866623836383263356164313432323133376135343830316365
32616562636364393863363832316265336466633339343261643938336632313364336539373165
34646532356432653763663764353932343962393535623062616230393537326638626436373637
65653838316661343935363466653531386261653038373335323065333661356562313133356138
64613662333761656565306436323939383739663630646434623561383363303931333463383637
65323031323464616233663862396262343265376535326361653937666630353638376535323731
65316335373738313030313832363864623866616162386463373264306438633733626238353566
65333230613130613231653135306239373031613436323662326164623832366238363362663733
61656163666138373135386264303630313038353437373239306561613461616532666632656235
34623536663061343066396665303838353835376333616636323539363862633461313865373137
30626334363732643732363361363961623464363933373837376435396666363038306631313539
32343330636338343365616361336161333739373734623761393237373134393533353331623738
61666537376166343935623563663166346235636165356230613030633861313464353663323933
64626334646663666461626533636635653363326462663732356236666130376236373238663261
33316365306165623232336634626138316331383337633634373437636466393962653632303465
32306365383537343737386330393961343363306337316531623335616664343331616661623962
32383435373137366132353830346664636562353933653864336533383532323335333233306162
31613535636136326436656630393138613031663661373037656437646130373833356530336331
31333666663265666331373133666362333764643134613865373531376130363532626365306463
62366563323132653965653635313330336639393163653566333836613962653837396330643030
31396536343164313261653931353431303238383764323161363739613435376630323937363261
37383434656433353761666431333733376530383239383664396564666438626661656331643561
34633766356438393939353434666561636434653537333034666432363263613364306466353937
31643263323237373461623239623530393235616432663535373639356333313961343164643664
65623365323362663334323962396634356138643836656564323434663534313334356632656130
62333736333933313733643466613862376334653232613261326337323936396565303361393832
63663230316562353435346364336366663966396430343331626561653639356634313564393932
66643330353831303239616335626133313039663330643139353135616335626332666539633766
37646138333838306430366533643164346230643161363764313365303631396564386261303061
31643331666166646236353836353837646133356635326434333733356639343332373431393530
63336435343230313662623166363631643935336663626265366334343166313838303036303737
62663436336536366231646363326632333830333937383834653439366635353166303134633930
34356234336334636564366631633630613438383634313832333332343631323366393631366662
37393266316335386530363433616538353734323631323063393463396163363666616336303732
30633662353936306262653836393233306263383032653437613337616131623665643232636362
62633233303730333134323839643239383462633966643337373632643031336233316537623665
66623261303530383631303636623039396361656236643665623561376333333837633234383738
31303731646439333833346435323261363836343133363466333636376565373539653831356432
32303562363331353237616262396565326563333463333364623433636264363365383761356130
64396539393334336330626265316630643633623163393139646237353136633666353563353137
61356663383830636165323635353038626530666437646237333439373834613535363866323335
38643037313438336438653563343931643732653766316565643861393663646333393139366231
62633865393435313464303235323462336533333834366536643939333932373237366635323036
30643965313566373732623165656464386162356535356539633631333361613236373764353162
35346164383064623031626633333164626631666164383361623364633636663435376166313832
61326632633462333831396461343637356266363435383962623563326434363865623737376331
66303435633361303538323235356564343539376233613834666437353936666138396335343465
66336665643632613037346338666531343062306564326161386562343664336530393565306534
38353933623538376338356334373765393265653134623031343562396536646336396435653161
34656434306636373137653339393263313232313666353162623339623732333339313832616334
66353438646438316465616264613962326364616161396330613732343363313636333534636530
61656537323738333761316236333735623236656266326262356138636262653163356236653537
61346233353766663535646334666639383361323465376165313165346562313332626332663030
33613561346366366664656361656130376463383463666639323631643461353533346664653537
38363634363335396366653835633238666536636562393965363963353230353437323931643333
65313634633764646331643732333737653639353138336533386561316636653031633032313336
31616363303439616436336266396234303431373530626666666664336334653637386234386333
64633739653564613664346230376436383538333433663630323162613534336136353365323465
65363435663761326334353338653935366163383634313739643265643130646632353939363233
61393936356530383539653632376534616464353732303762343163353839656266656661646634
62326464383234373864303538616138653631313363666633326237616331663530376235343432
65316265666332343236383831633930616536653261643261396331306666386638343264393164
32306466376465393862373339386432636164303630383565396566346632643566616265626332
31643461393236363938313439663265643366373836613733323961336531306430376238633831
33633933306338333133383933643438356232636136356438353537626639333439613331306437
64393339336666663563376164616330633037343165323539313839343962306239633337333531
31366464383832633830316530643063353139303362346339326631653237663162393334366331
66306662393037393666623630613337303731313463653934336434363638616534353165303961
34303339663865666161353830363535393761383563636164383461393563613639323237313032
64633464646461313438633630303637663035363232306231666562646233633834386431326334
32346461626638646166333839613137383532366362323633663763333965393961353835653664
32336134313530393136393732353666616465393535363137633933373937306361663938613465
31343337376538336639333836333437393466333134346337666439316639393937373436653364
38336662623634643465633261393364616434373366373565353338656139623330396165663764
33613333336134336433356461633136636636393538353665343835636630313665313134333863
39343066633635383431356335326534323061333663633865643630353664336562306338656430
32393737623838346539336231623138363566306336336264323335613836333236353038633465
30326337353164393530303862353739393530626433613034323265633237373531633230353162
39666334613139303462383935666137383262653061663166666230383837666238333361353332
33616133353234373536353530306631633565303166653234373362636264366164613331356638
63626439643466323065653933343963386332373833306536396334303338646432393137643730
37363939343163323038646133646639386432323161613535353832366462343138383435363639
66316138623634333763306330346563366439373236643037306261636565343536323735663635
35333136393264656639346236373838356365623432326466643064363062313361393761363333
37326166633432663332326435376238356563316132623432363363656463653438383235613530
66626262386233316232326666313265393435633961313032633733356433623234613830633861
33363235316133663535306130323664633165636237346533366637653061623631386366383338
62373863393538353461363662363335386539616436396337656564383835336337303533663537
63306435333565366630633062343432643562356138613139656232663137303130393731326139
39383265386662383932663039333961633438303035333834623065373061323031323763373833
63643938366237313733313161653465663338666334363033346664313064396163666234313566
66613430626438646261663836306638623832316364356238636135313537316666373435663461
66343335663664633834623664326562393861343637646631623665353964613064626435643638
37373063363137333239313038656232306465643031613839343233636265316135363466383266
36353735623233333532333033636563316331356432393365616135643837313432366432633936
66323764626639386165383430636635346339363030643539313935626439323237343563323739
61633765313162326331383164626537633335363337633061376332353539303038386432643932
31656531366464616438393037363164656636326464393761643330613064396438393262313561
34363430666364343036386662336430303533376261346138623930343437386433643235353933
61343538383134666338383365643161343735643036643561353738613736363161393539333236
65383932336633653139373662633333333239646135653536653830646261666633353239666563
61616539626264303639306432326363373865306234353931656564356636373331393537313064
39393139383533393561636166663735383664363138376163393133653661346238326236386265
30383566353034613536373064663730383565623361393135643538326633386566386231663265
64376465313133663631306633666630636365613536653063373439646563366462616335626665
36653031623465383335393363373463396136386434663237623934656537616531656537643239
62396330646263343864613363623732313233366137343536356633643466656663613237313161
32393039633931306331626530303961393563633630303265356662343733333066336137313436
30656238666261353839383665643765376634653835666234316231363532353332313266386266
64653839376134386461636566613531666361303630333438383864656633316332636239663137
61346532633263383664386266336665613931653830613535323732346533356362383532643633
38363930623936343861346133383262643737396466646236366630356236616165313834323364
31636631663234623865653138643162393638613763323634613961326438396636343161383230
66643061353565653132323636636439356233623434623832336363643266326630356639646539
35623064306639663733653063313063383366303535666563383837633663303731376435303065
37653739326138643133386564636561373966363735323739623639663861613733383839353161
36373139616366376162363062393839373238366237656336303961373735396538333231663963
34363438613332393833376262383261313837616235336235656365313837643361656565393862
38663530343531633434376664316565383264313232613931383636386264356463623639633733
66326236363538383764386135643735613735306239396261616436356164373762323634333931
35366164616131343866366638356237333762353866316266316635613033646635393034636332
36333562613131333864336234306134393861333763366363383064646264376436353232376464
62326535653833626162393563613063613334613664323263633535373065626136626561373261
30376334643932363964346261356461346539666362393432323139326562313964643939353161
36353363623039396133613136313366383934333837373732656333636164376363303530393134
61643662303934393032323937363962313434616530663936356339386463363935613933666666
32623964383961393035623733346463383261363034663565343436393333623163316631353637
61353231336536666532333538376339653035336434386532303535356336666631316364643962
63663335326665306335623239356463633437393336346131306166653335626435386663616436
66376338633863653839346638636165353233323735616137396133643161313736373430616632
35646633326436346237613963623933363339323538623565613432623037646364333139383965
35383362616435636634373836633962343235373663646439386164636262306662323331396361
39616137353934353866613830633930666633383566393963633437613235383730306235333434
33666361363835303436633962663864643938646162393761373038643031373535366562613432
64636530376630663861643131613763646663653631323137643535303935656163646565646638
34353634333863663238666163306163646335626630303930393764396534343232636637373531
61643835353439623231373030353432333033346563363334373064316436316233643136336334
35616163386335626338316266653030646465306239363833653234383063313235623935396632
62653130636366393064393464356361383537326237613366316435356630386464386437623235
30333565383766366564303937363064313463323765363536643934626633633364333662373830
39326434396165636230326537333765313035656663353734616163333165353531383738393530
62396261316632636533306532666161333837626263376261613432353663646430333230363666
35633637613436306262333439636337653537373465383631356435366163663139666439386262
35323336393464313833633864313763653161343965383035323636343162326665363135353531
33633533353333643466646239393638636238343530363836316265613963333061386632613937
66336461313663356332363735323435623965306337626538616434616631316361656462386233
35636337393962643334303439393739393035626537376534633964373430343066306633653838
36343664333062333035656235633839333161386636366132316562313664616238626638363363
65633565396535313430633330383936353130343039336336323864326634393364363237646538
34643434613931326535336638303230326232623539343133393633616539343766396534323631
38393566633436393932623433643037313561383931393238353365323936656333626339313032
38366336336633373738623664663161623639656132636530353035643165366562373932353634
32383364633264613163643139353938643464643065316532646139333935306336383631663332
62393362353632656530616133613264323436386162386236656636323466333036373732623635
61376335343866336331653735373438393035663064626666626366653064633964666563656234
38306533643938636664346662633232353933333363636466323730623465613665356339313133
31666532613132333737376531383139656661366664393635666632623138656133623366323562
66396634343039373130393936343535656362353634333065333337303730653566613861386363
33663130393236663634333636303434636365316465336463343132636634346266326564653239
32653338363635313034366234636536313939626565303935393434613434353261373362613037
36353631376463363235363737653831316135356435353330643236306537393539393533353364
65663036343139613363383836316161616262636137313334643163333961343264333438353164
63326166663462386563663564353663336163366332663762653036303461626539633364383334
32386238353333356330643763313031323639306365366531626336336632366632343162666265
64303335626632303936303033613366613761306335373931656530663037366532623431653766
64643463626664306562316439323962306633653830333135303561383633323666313463613038
35616632303464646639623231353364626130643332356161343332336535396165303964663031
36653439666232643934303763616137313330363665393232616137626361343433396166386263
34323537336438623432396439313632373830333234386530313061363466303637386332323262
39333830326530303930656366643733323263336135653830316163356465393639626439666436
30653438666363636336396166356437623138363437363361383333346133383531303535663663
36303135623030623638353464346334323138346263613639643664376365386664333538353365
31653362353436633230313730383239356438363661653162333162616237386666313335623933
32373938363639336533336666316365343436653435623663373035303331303865306137333334
30306166303232313239646163616135636231646134633965316336316133303235356336386565
65303663313037333733643032396138386630646336326630333565366139383339383039323533
33346466396566313233386365343231316264633437363132373961303936353035313034633139
39306135643063376637613365306364626237366633373261383839623039306435386264626535
62336635663330663132373936666462616362373233373831623139363361613066333461323436
37396639633433633638316663653535636663363838353262313437616433373735333466636261
36356430366636653935633064383365313666353835323266373034383930643731623236663232
39616664663962336436336231613832646336356137623833326661306134383764663235303533
63646666616631643234613632613731373565633838643963623236643237643966313361386565
35383866343062316166663230363839616539613264646135393036383165396335636663333338
65376462386264333462633361353934653832636263656230326233383265303731313233623838
39373861653261366230643539353463626666346566373062623163363261396662363434363062
30383462653062366566373362626535616362366236346431303737643031643035373531656137
63353335306232656432656635376662633861613236626164326335313734346534386662633130
65313962666261363135636634396435313563303937393538326466396232666536373565393663
65636237616161353933393265373434336561376431633263336537613334363661326361336630
36333565363933656630363137353763346538393961623039633432313365653732336239646163
61323431363861666663623666333233353335623062633636373261613731326234613364343137
62323530613737393862306266323964383966633935373562303234313235623330623162313661
63633330313237333133653665653363633630643130653862356261666161333362306234376337
39353137386539313537303738373434643932376366346437303363663435353334656133346239
30343039633935313665633966366432336666656439623335643239326633386564636262393433
62633135613434326230376562393231333362616435326565653434643962393131326436383639
61653866346434383832646663333966383334373165633736616365356138343734383262376439
62303065613930353138383231393538653933323737366662323261356534376433373265386264
39303832393132656535323139646532633032346330653630326361356134343861643732383961
65363137366265353430353361383062643466373536356238633936336232373864333836336436
33363166323936333731616336313365313733343334666439653563383065303461303739366435
61393864336338666335353162376264306531626263323834663563383762356430336439353836
66633939366132633834353134643161376238323933303933323666383933666234346431346461
39323165333465333963346465643836353535356437633464363864363230353537666137366461
62366532303532656664646465303238313132633263356536383033313832386361396137616339
32393139643037363762623363373934373533353335646536633535653464346533646433633162
38396562393265633638646533663537636237666664346266633331386266636330643264313265
63666264306466383930306234323038383665643637636338376336336462356566383462653132
66623934383365353166366431353539373363646361323262386466326435313134656130366134
32376532316432373466633031636561653566646661323966353862616232363531306632613063
62376565356639326638656431666262393837366337363638343461376663633264336234383666
31336437613863623539396132623565633764306636616265386234663764396132366466353636
37356334633439373434353430346566613937333566663636623034633566383536623064343032
37346136323539663262663231313332646332373733393732336639653534313464343835666433
37333239396133613763313064326365306230373736353132363636626663616334396334373331
35336338343038386636653530333437653930336435306261343165626437393864656461356237
39663166306538653238303865663838366236336362646235343361663235666430393137656439
65323065643339373165363332643437626533323164633962323262393962636238333265396431
32313233393361663265386232363437613631623333373464313830643462643462323438336166
65306530346533333532303666303264376666636437623438383935333862666465623435326638
32326130636531663365373361326330393737366436346434373134386534323932383063666137
36333836663232633862353064376165393563343861303035336361353036316361663537316333
62663433393566303530623531633065366434376539323433376264633531643238393335623963
61656430636535616338313063353034663563383537313266393831376135366561633634383164
36393364633032333031383832346666343837616239626463613930343337303862303536393133
33376163643139306666663130646239393132623738663734613930346564653239313333653734
64613336613965343834316233633563333066386336346538383961643832343438623938373736
65623135333663373466373561396133366434316133653764333236383636363763616163333134
66336664316664316437623839343734623965363831376431356137333930333238633433623137
62633865343065613432656462353933353661663335386164313432393066306233653262313262
38343134396261656566663434383366353264633435336236663331653266633337643966393761
62353638613561663835326639316131353837353263393631373566393033306137313964613931
39373435383063346236306462323032383764323563653136656463636235323739656165623130
62323931363034643837353735626265306232316363323637383637323734643435376661343466
34346565363734376138356331386336666335336133363665663937316262643333306166353432
35393636373763333030313133346563623161656262613364646665303635313635656134396536
36613865643130636162316130663331386632663337316434383635386132643836646162313931
33623166663563373433323534633330303138303932323635373138393031353666376633643565
64633664373838336166633761666332393633646337313264356264363537363231643939376438
62326432383636326361616533383333373163323065323737323565613131663137343935613766
33366266663961333236336432663664343064613736396539366536333961336263353531313332
34333566306363376563666437663564623736613135353030313234333065666433656436396462
30653662613033626330663163623135383533386161393736616630363338373835633132333737
34633038343865303863316537656530366133633634393761353564343639333334643736343136
35386231343664343639356662336230353232633536633035663833613030343032343734303137
66653730653531653431663164343831323463396436653835373265363565383534313238313930
61343932333331333964396566633231393064316633623539316164376163323436666363386530
30353661326231646362333033313563626161373266383962396334623638623036313733373630
31613835393835306338633539316238666334323134313661616363613238313236666239373662
64333830303031626466326462356534303930613238633436646430336631643936313465383836
63636333343830623562346564616333326165633465333931356534313932346338626336623938
38343434313034616530313862336233363836323331623262376566363764323338663166643138
31363839326332353034313734643864363066373765303537636365643339306364666131306539
39346165326566663530343833343661383561373239383665346537323561656635333830623261
34656238343030636661626435373465386564613965653261636232383935303466363937386634
30646231336261656465623439333435663738656462613934336430363566366261626330333630
34346631343864306238333939653934356362353461666663646264396632343538373865653937
61356232336664613161393734623735613733386365613663633031393066343432646362303161
66306234373365363239396534633761343665663335396165633065393665363933656231316535
64373633316230346239343836336262363737636635653235653533356265353439303239646536
62333531623564353464336138313135333631666162303766316636633035663737396537343638
64393636373731613766366662386465613338396238636131396239633037343333333661333766
64633230333636366536306161386566363363626133346361353232666635313265653266386265
65343030346639373732323962356332656363323039313064396536336666623536353637313865
61383032333561376436383232396563303364613634386632636262393737633265666539663930
31343433303264643163343461643031356632623163363865386137386464363862393538376334
38316238653238353238386333626365366662653530346237323665323330313034313334393462
35393462656439333261633136386634653965373535356433386165373934616434393964666630
64353262643131366465646534363238666132623936313435353336373430666537613166366330
35363436316438353736313738303566303164303362313135656666666565396137343633306537
30376662656235363636326166383032393834313232376530623730376239346263383262353638
37323038653464323361346631313337383631613961646639636266613734663739346430616236
63636463323965333330356537643230373230376639303838323334336639303031633265343131
65366434333431363039373632376535353534626638366538613365326139346463616266326461
39373133663932623366316330636335363865393566663733643937363261343532616239363435
32306438653036623366616365616436333566663633666562373034333333326664353462633537
30393930303332333761333936646266646563663866303030343061343462326436616637373839
34303334373732666536333563323961376438323136653431343137376135343130373036346564
37323737636266613461383433363838363039663461303233633632633563343433636566633863
39363036353866383035313434373865343162333437316435653665363436306434623738653363
33333132356532626532373862343034376366313432643139656465373135616162373730323436
38393639323030323338623239326236383134303463363663363732623965323363393837336233
62613864363330376535383430343132633533663331306565393961386162396432393632303237
65336536376631623731353061666332666363363734353834643433633436633038
