$ANSIBLE_VAULT;1.1;AES256
37326565613834646538613963646332303034393862626530656530333335383931336665656431
3333333435346339663734663433643665386564363431630a313132623035643861316263303632
36383564626532663930376230663534656536616135326434666364383730313564393961346166
3538306362333738630a623436663339316638616236313565646530303162356432376565333338
64363434376166333837666661663337363961323562333766643639333733613161623132313635
36356631376366333834646632643934383131613830323561333837613135616535353366363638
33663235333262393136383061356436636362356435303537336232373136633930626330376664
39633366383566333931613133633835306436326533353663323735353230323435613866346263
36363136646663633864636566383339343965303566393630646133313638326465363963316361
34343466303732386130303538353232353433376639306661303836306235376639303130323961
63313838643931663739656432313331346537633832653463666331666264323265393731326533
31386132366239376530366662653337393530393133326634353864323939656330303632663933
37386531323135363838643037336336653836313662346130656235626363633931333636663563
66333731656663613731306164363032396362393037633633656238393035633037326131653030
64396231333630396538313038373338613666663166393335303336663432353461303138366564
33333361373333666361616566323230353631663264306433303634323636396530633330396632
38643438376332386439356433656562323262346631343532343636306134646565316334396236
32666135383663363561363564376262646430366236353861376666303162396566336132383934
39326635336261666362303330343632633331376133653163306665623536303535396234326565
31366662313734373934316163393733376461326334353133656164393439343737393561323237
31646462663737336666336435386530613239636237323161323439303061393036616466313864
36616361636335326466373465313833663832613833636330383438316631623431633063613137
61393565643261643061646335313337616338653864346261653463666532303533626635323231
39616131343466633966393161613636386663386134353566336363646164363238613037356531
36303333653330623063313437356136313862663262663061633832356433376133376339356433
35363232306261323930366136643765393534616664333062613661356666356437383964343365
31353362313234663138363134623533613336613739613834363737353637376438333330646332
39663132653637353763343536373363333938303239343735313735323661663564306361626234
62656130383433383538616533383762353834666236643465653733643930376365376663663134
65633462316134383831356163333031383332306239376237313564663738663863353332363662
30656638643436663139366231646631313966313838306334663365326634363034346439396233
37323735313061306666626365623437656239323234326432323638323762633630623061343434
31336665356334306365353834666564396234316331393136653735396230356334336663383934
39613732313433376531626437393532636264343866393638313438656230646439336533626137
30646135363238366361613539313661313237336333646665623438326636396262323862353737
66373630633130633462623639616566393038663135636638323766643232313037376664383433
38656632646438383763323837383131343536353933653566326536363737623539623838336564
36643962646561396262376666383061373864373638373265386433373133346263313733363361
62316539376139623338363734623535646132666334303561386562633166653734376261326637
36633831303835353966326533663937363962323462356664306530626337346639346665343533
32396361396239353162643839343436383336333837306539663161396533326630393765316361
32326130323237626462343264636535333839356537363133633237356232646639616661636236
66313438633130633365363933313137613064623961303831643865343465363665653636343039
62643463303866613533313965353765333133363537343266646161303162636330666463616335
66663862633365336639386435323138346363656132643838636136613437663561393366376563
37386533363561393432333865313233333431343431343831616339383531626230343039653161
39353031313934386263386536386665323130663266313434316235323864343937613737333565
64336666303162323739303530326562336463303733386364643263356562303434343438626261
30383836653066366537626565656238666135353038666561363764383766376335653766356166
61636238323235366365323062643337343036656161306634656138393530366264343536326232
66376533316338343965376665646338336132313266373738333464383939386463326632303532
61323066653266643335306464363938616237346333613837366138383837313736346666303762
34353334643636363831373036613162373537343138303638313161623734636463386166653639
37313062343366336536393632336335353462393234383866613962383337653837393037316566
36363561333636323661646464333064653566366361383764323165376661306132306433653938
36366237393130383861343137386532663639383839346366313630623334336462353461316330
64346234303136643834373230666431656164376662326137636163626466326135363036366564
64323966363134316239326666623263663332303633343232396661636136373738656331333138
65636434393137376564363065376332386662323134666466383364383132396135326464356166
36633736333431326130656565313566333362326366623935383936626431313236643061663365
30666131396430643962646434323030663733633930306366376432336364336530383738633561
36643431343033316131333136656161616161326630306164623264343162316631383333323938
34333537356439613733623732313535663336343164643739366133623437383934383536303433
34623332346338383835346332613332353363313939303134626364633930623230613333643632
36623662386138366165316434353463633063326261393338346266336232313562636535376334
38353765636638386330306332303239306237396331343161383837336538383034663663386437
37353036353733336264303861366338613631396435336136366432636365663738623365616662
33666261643935623334303761303233396133356465356133396239623261613365363835363763
37303865366334383432383334373835663939303739656366386134633762383037313234303437
62386662346265613134313534313830666635343564613032623832313839666337623264626131
31623961636365663337336364633832396661666263373537636435303330376532323339653533
38623031303333633866396331626136343137356132643863313530383937616662343737366137
62393137383761643337396130373463356234326161633131383839386537366534313666356263
65633936366161383761376538633133663034646461656232333261613736386561323334623636
34393034613333376430656666643834623831663832653563626666613137633831663361663431
34613862316262623436396462633563653234303565623330313039366661333863323336383665
30306235396561376566313936613637373364333133383561326366333065346566383062363163
36343064343236376131366332393261323337323837646237326465616134393931663238313736
37313066626635303661636439653636333133353663376337613536316537396161663932313837
38326237623832613164366239613235313637333132393034303265333537323137303036323837
32663261313631663633393532373939613861656364613965393339663636656231376465343839
32643733326463656334333235303637313330616430383166363138363565346463393464393130
30366562396662353561303936386438343639636335323031383662633039376533336132633230
32383032613434356132396535323231353535323364623564653362636266323530393031643331
33336363393763333839656536353561333833313730363138636638623530386139396234613365
34383761316336383639343463626134363666633430366134653737373737633639346236653132
31316138353364306530363534326632366238663831663930626334393363656162626164363136
37323437393732346661366230646664313563383164383566353130373563646331353233356361
65303437643439663738353237346563333735633532356136363531303535316136303631386162
66663266663133653534373332303334386465353066653331383539633131326665386463653831
37393761643765393131363933343235616132346335383933653365613862653836626338383866
36303834303866376364656632383362396362623263303030643037353962383565393332666630
36656439393561353932663230356638353466633766333161333539306137376333383632636338
34376563333739636365643161613331643638313237343533303263356234336538363130373832
65363639393865633366663562663966346633336136356264346235616439316161343563353661
37323265663664313538376465633131386264336363333032383263646262643930373861363461
36333233313638646164623139633036666237336464323963373265646261346238626165616430
30346235616238613733333765366236663532353831653432306461306134313962656237303064
33353136663236386665656637613963316461616130633165383537386465323064303534376262
37356436333630633931373932393666326236336164363663636562663264396265633539386562
34653530316562623138366634313339343833633164373062303361393334616631393435653632
39333861336464643334306534343464356661336133393233393538663832663365323930316233
62353630323531383235316435633135373763343762366131326436313035633636636532376235
65393830353432396666303866373031306233663333383038343337383330623236326162653565
62636237386630323134323936626263326432356463326465383661613835623332393535643765
32633166396536396635666332326665356566303435633032663530626133663639646161623332
33336439376265626230386662376136343935303332396462663639343364303163316432373864
36656666623334353635643039623232633563363636353730323239633836333765373131316261
34653665653766626232326132306530333037623463383966333461366138363266376632626361
35303639306530616537343330613436396161353638653461626139386164343862393965383966
62313066316666653365393639363230353437393132366536353030303665623735386536346538
31386264386664303531326363323832346434333733366236656437386361343838353438613561
36316639336631666334633064656431376165356463623261656463626462383038363234326339
33623232323939336465366438656436633261366437346132653533626430656563626530313037
62623439333863643633316261663439303335386364616430396139336330336439616363386432
30393662393135303136636639666164366230643665663937363161633930663963663334303536
37663863613434373766376531313331366534313464633230316164393236626666633037323161
65393265633236653939376331646239383838306566313631303032636133306531376334326133
30643732386432643531623966323530393237383633376465383435303561346435623961396639
66333438346561313434346436333937336432353933643536363138663937653433343933646538
38636265326262383630633664343832653761626130333434303035643136316430633062376639
61376666396139336633613262643665396233386630393838303731663363313835633634623736
34333436626561393638346362396635323466393439306631313733353565313639343435356164
62346264333435316430626464316665333534386161313432666466663461323364373236663765
32323434373532646131366230356531326262316165373032373236383866323966663936656464
62396530613466646433613036633866393635623164376166333564323239323238323766313162
30623034373139663666613666316133313463623566383163346138663564646237613333343233
33623232376463386236373034386466313362383365346238373266343234396266333830343737
61373761613033616134646266343966666365376666353337313161626461613735373835633664
62663135663334663131376531366338653732616632313863323332396235666334636637313335
63333839646635333563343663313433356238386263643134363066646631333736643665643266
30613361326337613630643430646136363435613263326564333236663639623862643665643663
36343335643936303561323363646435323538396133623935306236383537376166356230356638
34373235343665393830363336376531343166393265626534303933666464653337643934353633
31326334386263613738353266623531356332353834363538663166656631316630333935386334
61343131303137633765313236366261343238373730613333393839366435323663356466336139
32633736623864363564373130343734386564386563343464336365346432666136323831306563
66626334646335613562306535643439363362356533653966333362393432666234356663616563
62323833393761383661636436333465636238333635653633333334313034346339366537653537
36386662633032343561363464316430363166373639393131356432313565306136653562313938
62633737663839343534663939336264346362616230373363633337333536393234343861333439
39376664313261316433323930663038613366343631623833643361333231663265616365656266
35326532393062393666306262623063383466393335663763663738623636303064356365393862
39613731333036333830393563616161363830646235343730616334663666326236353462376265
66633165613866343135646464326666376631623935623462303534663265343636616662656236
65623562383362636365643063633637303636313732323535356535373561656231393035336535
33386161353362383266666130326364316364376366323434333664393235333530623434383431
65663735363063313230343332356139336634323563343339386239303463323435323432656237
65636633303463646437646538303836306531636165393336643761656165623336636533633764
35333731393562643137393361613137376337666535326363633638656433643933663831623331
65616262616436356161646233626364343632336631343035333438373737643261393061353561
30346564613535623536326236333166333135393461623134326466326636333535393035363731
36343132376435356235353630613565653137646535623961633737316531373734303732333338
38653665366136336163383235663338643465343739333165333562636533616562333330643834
35383537363664663831333031353137323832396166393333636166343361373731376562656237
32643938633431363936353930373966353763636138313433626365333130353230326131656632
61306334653430373666643066333162613535393135306332626633636531616236356337383961
39353765316533613137323531353131323266336433623761356533656538343935393330643734
34343431643338323665636661643435363032303263323237313931353963616532393832373561
63303936303463363530383438666439623736356263313837653939373764333761636332313935
35376433633364383832636338626363623962646261366433336639376435383635386531363335
33303334633031646631373061613531663462353736666534616561653239376338633266306130
32323039373062343563663438326439653630323936656461313261336563663430643336343130
32623538393134396238386231653563316365636466333633333263656332653866393033376536
36396561376637393031333836343730386334316135633538326261346161356562613239353231
33616362633137386230663462616366346162653363383730366465636662636236366565643132
63613135323161356632336634363466633665393365656235366534633266633664363239376434
66353439326235663935376263333265633239323532306439663365626432303461316239333065
64333566396534616530333131653366356463623430626163653630336135373732313033666163
64343163643738326537663631653634663965333631373262326566623232643834616265373437
63373666393238396537663135623365613963343964316466626433666363356337666239393837
64313931653766353730356331313133653037643364373563646163303434643738393537313234
38383039363934393566393761333966653138636539643038313730336264383061323861303365
66326639303033323862343436653231653733323339626266356665326663623062313632656665
30663564316139306263303338663661383162353435303365653435326339303962326132393461
34396363383339393236666132393564643732326637623666306464373861363763316261613233
65353933626536356231346162613837313233306262663234613562353637636638323339613138
65383565356564333930333630383064633338633163616331323866383432343664326238633335
32313865663862333763633836333661363738396334626638333736656231303864393665323732
32306333303934633463343961373831636262383634656336653263376466626436356364303363
30616166353066303133623337636331383336363236313730653337613134636532396431346135
61336330643537333761663363386132383263393232653837323166393236613730313136306630
66383566333935386363353332653233336532666130326237326534343031313739326339363733
36643538343465616565376239616564646565323939323962616432316664383831363532343863
37636561393938633135623231633033323236646435353533663639663734313963366564343264
30666166326630333163353130643530356434303866616436623530326161633537336663386531
38643761633537396132353564383164363138316663356231333033633164336439646663343634
66623466363633656137326236626266366366613964656330306433323061623130333138663935
62626534663635366337653063626333383037383466363461363630303963373931336430326262
64333233636531356433643632643765393566383466646434656638316535303231393535306461
34356133353061353632386337393966306638363635313835376263386665656630353037326130
38313730666330356162376131336161623465333331613561363434313132633264653235373837
38383266353864666361616466363535383865663036326661393831643632323333386538633363
37373165343066653462633063346235643636346539373230316564633738666337306366333733
36633265343661346132626339373634613337376161386530623537313864313531343331373966
37343338373039643234393238373539623030643163343463663637303132333530623734643665
64623931653131343566333565353963393662633534613437383430643434386237663338303031
61383861393230386633353932333335373666613238353362376530666165626338366630366437
30353233376131333431343233643830363339363936323932613262306133666439613666363062
37336261346563343665396262376137393261623362633432353134643933663934656631643837
34316632353933646538626434366238333863373537313637323133363535646139313965626531
65616664353061656664643863393839653166636137363565653763656230636635356465306134
37366439323937313930616333633766366438643031353230626665623334623634316238393263
37313438383562343766633363313566313433343665306564653439623466666661636138643539
61643366623864653330366563343136303066376331633065366263333738343939616337386263
32303839303633613331363561663035616664663737626365383136643862616361386564643638
613038326366636438633434313635656133
